2.743159985149624021e-92
8.778111952478505826e-91
6.665878763913149054e-90
2.808995824792936296e-89
8.572374953591440896e-89
2.133081204451995341e-88
4.610428987040057560e-88
8.988786639336210746e-88
1.619808539630572653e-87
2.743159985148809696e-87
4.417886587681858776e-87
6.825859854245034936e-87
1.018516100365755496e-86
1.475337275852478559e-86
2.083087113722032857e-86
2.876411724586826995e-86
3.894894907032531159e-86
5.183387326816289456e-86
6.792335696064962261e-86
8.778111952473289268e-86
1.120334243850215398e-85
1.413723708057681607e-85
1.765591856828506654e-85
2.184275153357545367e-85
2.678867172995555749e-85
3.259251521169017999e-85
3.936134751299948388e-85
4.721079282725745997e-85
5.626536318618972586e-85
6.665878763907203051e-85
7.853434143192863297e-85
9.204517518672982972e-85
1.073546440805913221e-84
1.246366370249710920e-84
1.440759058448685409e-84
1.658683944580228056e-84
1.902215680541102859e-84
2.173547422739425025e-84
2.474994123886662885e-84
2.808995824789599555e-84
3.178120946142320903e-84
3.585069580318210821e-84
4.032676783161908324e-84
4.523915865781296654e-84
5.061901686339530328e-84
5.649893941846931889e-84
6.291300459953051418e-84
6.989680490738612200e-84
7.748747998507486112e-84
