1.000000000000000062e-09
2.000000000000000125e-09
3.000000000000000394e-09
4.000000000000000249e-09
5.000000000000000105e-09
5.999999999999999960e-09
7.000000000000000643e-09
8.000000000000000498e-09
9.000000000000001181e-09
1.000000000000000186e-08
1.100000000000000089e-08
1.200000000000000157e-08
1.300000000000000226e-08
1.400000000000000129e-08
1.500000000000000197e-08
1.600000000000000100e-08
1.700000000000000002e-08
1.799999999999999905e-08
1.900000000000000139e-08
2.000000000000000042e-08
2.099999999999999945e-08
2.200000000000000178e-08
2.300000000000000081e-08
2.399999999999999984e-08
2.500000000000000218e-08
2.600000000000000121e-08
2.700000000000000023e-08
2.799999999999999926e-08
2.900000000000000160e-08
3.000000000000000394e-08
3.100000000000000627e-08
3.200000000000000199e-08
3.300000000000000433e-08
3.400000000000000667e-08
3.500000000000000239e-08
3.600000000000000472e-08
3.700000000000000706e-08
3.800000000000000278e-08
3.900000000000000512e-08
4.000000000000000745e-08
4.100000000000000317e-08
4.200000000000000551e-08
4.300000000000000785e-08
4.400000000000000357e-08
4.500000000000000590e-08
4.600000000000000824e-08
4.700000000000000396e-08
4.800000000000000630e-08
4.900000000000000864e-08
