9.590052447637804387e-20
9.582771020785601585e-20
9.573781649501343537e-20
9.564815725358846295e-20
9.556893974488124608e-20
9.550495809690769750e-20
9.545738379685375816e-20
9.542479533396067202e-20
9.540415897740322967e-20
9.539199136967742831e-20
9.538525136461746140e-20
9.538171246344447019e-20
9.537993703632635684e-20
9.537908015899306277e-20
9.537868006059986126e-20
9.537849848431775062e-20
9.537841808649874374e-20
9.537838324651698978e-20
9.537836843219803890e-20
9.537836223792132933e-20
9.537835968645131308e-20
9.537835864952687546e-20
9.537835823320505125e-20
9.537835806788484982e-20
9.537835800289261051e-20
9.537835797757603269e-20
9.537835796779731599e-20
9.537835796404950447e-20
9.537835796262341353e-20
9.537835796208439388e-20
9.537835796188190643e-20
9.537835796180628960e-20
9.537835796177820713e-20
9.537835796176781915e-20
9.537835796176400340e-20
9.537835796176260710e-20
9.537835796176208951e-20
9.537835796176190895e-20
9.537835796176183673e-20
9.537835796176181266e-20
9.537835796176180062e-20
9.537835796176180062e-20
9.537835796176180062e-20
9.537835796176180062e-20
9.537835796176180062e-20
9.537835796176180062e-20
9.537835796176180062e-20
9.537835796176180062e-20
9.537835796176180062e-20
9.537835796176180062e-20
9.537835796176180062e-20
9.537835796176180062e-20
9.537835796176180062e-20
9.537835796176180062e-20
9.537835796176180062e-20
9.537835796176180062e-20
9.537835796176180062e-20
9.537835796176180062e-20
9.537835796176180062e-20
9.537835796176180062e-20
9.537835796176180062e-20
9.537835796176180062e-20
9.537835796176180062e-20
9.537835796176180062e-20
9.537835796176180062e-20
9.537835796176180062e-20
9.537835796176180062e-20
9.537835796176180062e-20
9.537835796176180062e-20
9.537835796176180062e-20
9.537835796176180062e-20
9.537835796176180062e-20
9.537835796176180062e-20
9.537835796176180062e-20
9.537835796176180062e-20
9.537835796176180062e-20
9.537835796176180062e-20
9.537835796176180062e-20
9.537835796176180062e-20
9.537835796176180062e-20
9.537835796176180062e-20
9.537835796176180062e-20
9.537835796176180062e-20
9.537835796176180062e-20
9.537835796176180062e-20
9.537835796176180062e-20
9.537835796176180062e-20
9.537835796176180062e-20
9.537835796176180062e-20
9.537835796176180062e-20
9.537835796176180062e-20
9.537835796176180062e-20
9.537835796176180062e-20
9.537835796176180062e-20
9.537835796176180062e-20
9.537835796176180062e-20
9.537835796176180062e-20
9.537835796176180062e-20
9.537835796176180062e-20
9.537835796176180062e-20
9.537835796176180062e-20
9.537835796176180062e-20
9.537835796176180062e-20
9.537835796176180062e-20
9.537835796176180062e-20
9.537835796176180062e-20
9.537835796176180062e-20
9.537835796176180062e-20
9.537835796176180062e-20
9.537835796176180062e-20
9.537835796176180062e-20
9.537835796176180062e-20
9.537835796176180062e-20
9.537835796176180062e-20
9.537835796176180062e-20
9.537835796176180062e-20
9.537835796176180062e-20
9.537835796176180062e-20
9.537835796176180062e-20
9.537835796176180062e-20
9.537835796176180062e-20
9.537835796176180062e-20
9.537835796176180062e-20
9.537835796176180062e-20
9.537835796176180062e-20
9.537835796176180062e-20
9.537835796176180062e-20
9.537835796176180062e-20
9.537835796176180062e-20
9.537835796176180062e-20
9.537835796176180062e-20
9.537835796176180062e-20
9.537835796176180062e-20
9.537835796176180062e-20
9.537835796176180062e-20
9.537835796176180062e-20
9.537835796176180062e-20
9.537835796176180062e-20
9.537835796176180062e-20
9.537835796176180062e-20
9.537835796176180062e-20
9.537835796176180062e-20
9.537835796176180062e-20
9.537835796176180062e-20
9.537835796176180062e-20
9.537835796176180062e-20
9.537835796176180062e-20
9.537835796176180062e-20
9.537835796176180062e-20
9.537835796176180062e-20
9.537835796176180062e-20
9.537835796176180062e-20
9.537835796176180062e-20
9.537835796176180062e-20
9.537835796176180062e-20
9.537835796176180062e-20
9.537835796176180062e-20
9.537835796176180062e-20
9.537835796176180062e-20
9.537835796176180062e-20
9.537835796176180062e-20
9.537835796176180062e-20
9.537835796176180062e-20
9.537835796176180062e-20
9.537835796176180062e-20
9.537835796176180062e-20
9.537835796176180062e-20
9.537835796176180062e-20
9.537835796176180062e-20
9.537835796176180062e-20
9.537835796176180062e-20
9.537835796176180062e-20
9.537835796176180062e-20
9.537835796176180062e-20
9.537835796176180062e-20
9.537835796176180062e-20
9.537835796176180062e-20
9.537835796176180062e-20
9.537835796176180062e-20
9.537835796176180062e-20
9.537835796176180062e-20
9.537835796176180062e-20
9.537835796176180062e-20
9.537835796176180062e-20
9.537835796176180062e-20
9.537835796176180062e-20
9.537835796176180062e-20
9.537835796176180062e-20
9.537835796176180062e-20
9.537835796176180062e-20
9.537835796176180062e-20
9.537835796176180062e-20
9.537835796176180062e-20
9.537835796176180062e-20
9.537835796176180062e-20
9.537835796176180062e-20
9.537835796176180062e-20
9.537835796176180062e-20
9.537835796176180062e-20
9.537835796176180062e-20
9.537835796176180062e-20
9.537835796176180062e-20
9.537835796176180062e-20
9.537835796176180062e-20
9.537835796176180062e-20
9.537835796176180062e-20
9.537835796176180062e-20
9.537835796176180062e-20
9.537835796176180062e-20
9.537835796176180062e-20
9.537835796176180062e-20
9.537835796176180062e-20
9.537835796176180062e-20
9.537835796176180062e-20
9.537835796176180062e-20
9.537835796176180062e-20
9.537835796176180062e-20
9.537835796176180062e-20
9.537835796176180062e-20
9.537835796176180062e-20
9.537835796176180062e-20
9.537835796176180062e-20
9.537835796176180062e-20
9.537835796176180062e-20
9.537835796176180062e-20
9.537835796176180062e-20
9.537835796176180062e-20
9.537835796176180062e-20
9.537835796176180062e-20
9.537835796176180062e-20
9.537835796176180062e-20
9.537835796176180062e-20
9.537835796176180062e-20
9.537835796176180062e-20
9.537835796176180062e-20
9.537835796176180062e-20
9.537835796176180062e-20
9.537835796176180062e-20
9.537835796176180062e-20
9.537835796176180062e-20
9.537835796176180062e-20
9.537835796176180062e-20
9.537835796176180062e-20
9.537835796176180062e-20
9.537835796176180062e-20
9.537835796176180062e-20
9.537835796176180062e-20
9.537835796176180062e-20
9.537835796176180062e-20
9.537835796176180062e-20
9.537835796176180062e-20
9.537835796176180062e-20
9.537835796176180062e-20
9.537835796176180062e-20
9.537835796176180062e-20
9.537835796176180062e-20
9.537835796176180062e-20
9.537835796176180062e-20
9.537835796176180062e-20
9.537835796176180062e-20
9.537835796176180062e-20
9.537835796176180062e-20
9.537835796176180062e-20
9.537835796176180062e-20
9.537835796176180062e-20
9.537835796176180062e-20
9.537835796176180062e-20
9.537835796176180062e-20
9.537835796176180062e-20
9.537835796176180062e-20
9.537835796176180062e-20
9.537835796176180062e-20
9.537835796176180062e-20
9.537835796176180062e-20
9.537835796176180062e-20
9.537835796176180062e-20
9.537835796176180062e-20
9.537835796176180062e-20
9.537835796176180062e-20
9.537835796176180062e-20
9.537835796176180062e-20
9.537835796176180062e-20
9.537835796176180062e-20
9.537835796176180062e-20
9.537835796176180062e-20
9.537835796176180062e-20
9.537835796176180062e-20
9.537835796176180062e-20
9.537835796176180062e-20
9.537835796176180062e-20
9.537835796176180062e-20
9.537835796176180062e-20
9.537835796176180062e-20
9.537835796176180062e-20
9.537835796176180062e-20
9.537835796176180062e-20
9.537835796176180062e-20
9.537835796176180062e-20
9.537835796176180062e-20
9.537835796176180062e-20
9.537835796176180062e-20
9.537835796176180062e-20
9.537835796176180062e-20
9.537835796176180062e-20
9.537835796176180062e-20
9.537835796176180062e-20
9.537835796176180062e-20
9.537835796176180062e-20
9.537835796176180062e-20
9.537835796176180062e-20
9.537835796176180062e-20
9.537835796176180062e-20
9.537835796176180062e-20
9.537835796176180062e-20
9.537835796176180062e-20
9.537835796176180062e-20
9.537835796176180062e-20
9.537835796176180062e-20
9.537835796176180062e-20
9.537835796176180062e-20
9.537835796176180062e-20
9.537835796176180062e-20
9.537835796176180062e-20
9.537835796176180062e-20
9.537835796176180062e-20
9.537835796176180062e-20
9.537835796176180062e-20
9.537835796176180062e-20
9.537835796176180062e-20
9.537835796176180062e-20
9.537835796176180062e-20
9.537835796176180062e-20
9.537835796176180062e-20
9.537835796176180062e-20
9.537835796176180062e-20
9.537835796176180062e-20
9.537835796176180062e-20
9.537835796176180062e-20
9.537835796176180062e-20
9.537835796176180062e-20
9.537835796176180062e-20
9.537835796176180062e-20
9.537835796176180062e-20
9.537835796176180062e-20
9.537835796176180062e-20
9.537835796176180062e-20
9.537835796176180062e-20
9.537835796176180062e-20
9.537835796176180062e-20
9.537835796176180062e-20
9.537835796176180062e-20
9.537835796176180062e-20
9.537835796176180062e-20
9.537835796176180062e-20
9.537835796176180062e-20
9.537835796176180062e-20
9.537835796176180062e-20
9.537835796176180062e-20
9.537835796176180062e-20
9.537835796176180062e-20
9.537835796176180062e-20
9.537835796176180062e-20
9.537835796176180062e-20
9.537835796176180062e-20
9.537835796176180062e-20
9.537835796176180062e-20
9.537835796176180062e-20
9.537835796176180062e-20
9.537835796176180062e-20
9.537835796176180062e-20
9.537835796176180062e-20
9.537835796176180062e-20
9.537835796176180062e-20
9.537835796176180062e-20
9.537835796176180062e-20
9.537835796176180062e-20
9.537835796176180062e-20
9.537835796176180062e-20
9.537835796176180062e-20
9.537835796176180062e-20
9.537835796176180062e-20
9.537835796176180062e-20
9.537835796176180062e-20
9.537835796176180062e-20
9.537835796176180062e-20
9.537835796176180062e-20
9.537835796176180062e-20
9.537835796176180062e-20
9.537835796176180062e-20
9.537835796176180062e-20
9.537835796176180062e-20
9.537835796176180062e-20
9.537835796176180062e-20
9.537835796176180062e-20
9.537835796176180062e-20
9.537835796176180062e-20
9.537835796176180062e-20
9.537835796176180062e-20
9.537835796176180062e-20
9.537835796176180062e-20
9.537835796176180062e-20
9.537835796176180062e-20
9.537835796176180062e-20
9.537835796176180062e-20
9.537835796176180062e-20
9.537835796176180062e-20
9.537835796176180062e-20
9.537835796176180062e-20
9.537835796176180062e-20
9.537835796176180062e-20
9.537835796176180062e-20
9.537835796176180062e-20
9.537835796176180062e-20
9.537835796176180062e-20
9.537835796176180062e-20
9.537835796176180062e-20
9.537835796176180062e-20
9.537835796176180062e-20
9.537835796176180062e-20
9.537835796176180062e-20
9.537835796176180062e-20
9.537835796176180062e-20
9.537835796176180062e-20
9.537835796176180062e-20
9.537835796176180062e-20
9.537835796176180062e-20
9.537835796176180062e-20
9.537835796176180062e-20
9.537835796176180062e-20
9.537835796176180062e-20
9.537835796176180062e-20
9.537835796176180062e-20
9.537835796176180062e-20
9.537835796176180062e-20
9.537835796176180062e-20
9.537835796176180062e-20
9.537835796176180062e-20
9.537835796176180062e-20
9.537835796176180062e-20
9.537835796176180062e-20
9.537835796176180062e-20
9.537835796176180062e-20
9.537835796176180062e-20
9.537835796176180062e-20
9.537835796176180062e-20
9.537835796176180062e-20
9.537835796176180062e-20
9.537835796176180062e-20
9.537835796176180062e-20
9.537835796176180062e-20
9.537835796176180062e-20
9.537835796176180062e-20
9.537835796176180062e-20
9.537835796176180062e-20
9.537835796176180062e-20
9.537835796176180062e-20
9.537835796176180062e-20
9.537835796176180062e-20
9.537835796176180062e-20
9.537835796176180062e-20
9.537835796176180062e-20
9.537835796176180062e-20
9.537835796176180062e-20
9.537835796176180062e-20
9.537835796176180062e-20
9.537835796176180062e-20
9.537835796176180062e-20
9.537835796176180062e-20
9.537835796176180062e-20
9.537835796176180062e-20
9.537835796176180062e-20
9.537835796176180062e-20
9.537835796176180062e-20
9.537835796176180062e-20
9.537835796176180062e-20
9.537835796176180062e-20
9.537835796176180062e-20
9.537835796176180062e-20
9.537835796176180062e-20
9.537835796176180062e-20
9.537835796176180062e-20
9.537835796176180062e-20
9.537835796176180062e-20
9.537835796176180062e-20
9.537835796176180062e-20
9.537835796176180062e-20
9.537835796176180062e-20
9.537835796176180062e-20
9.537835796176180062e-20
9.537835796176180062e-20
9.537835796176180062e-20
9.537835796176180062e-20
9.537835796176180062e-20
9.537835796176180062e-20
9.537835796176180062e-20
9.537835796176180062e-20
9.537835796176180062e-20
9.537835796176180062e-20
9.537835796176180062e-20
9.537835796176180062e-20
9.537835796176180062e-20
