9.198525832873423556e-18
1.196825433729913578e-17
1.331613302294930152e-17
1.406424860755058533e-17
1.449692000355645125e-17
1.474377842644319701e-17
1.487324942112668691e-17
1.492519958425455167e-17
1.492444776226218324e-17
1.488715342118307578e-17
1.482418462805245726e-17
1.474303509610815274e-17
1.464897240904877031e-17
1.454575273527438857e-17
1.443608182908947241e-17
1.432192314627075273e-17
1.420471067630431855e-17
1.408549980551451389e-17
1.396507591312947145e-17
1.384403286068576720e-17
1.372282936998208813e-17
1.360182893003059304e-17
1.348132745161119399e-17
1.336157193429345603e-17
1.324277269659563507e-17
1.312511114322943974e-17
1.300874456362062879e-17
1.289380905841941341e-17
1.278042136888103125e-17
1.266868013168564328e-17
1.255866689118192440e-17
1.245044706287788388e-17
1.234407094638796590e-17
1.223957482348187443e-17
1.213698213888664657e-17
1.203630474096960110e-17
1.193754415071314699e-17
1.184069282618349213e-17
1.174573539285824713e-17
1.165264981553675892e-17
1.156140849367151174e-17
1.147197926793510398e-17
1.138432633117894272e-17
1.129841104140683507e-17
1.121419263792156699e-17
1.113162886444369035e-17
1.105067650485059860e-17
1.097129183836119911e-17
1.089343102162929455e-17
1.081705040542420670e-17
1.074210679348074372e-17
1.066855765078186148e-17
1.059636126807102161e-17
1.052547688883690328e-17
1.045586480441549720e-17
1.038748642224725227e-17
1.032030431173374489e-17
1.025428223157643013e-17
1.018938514195740449e-17
1.012557920444704906e-17
1.006283177209544508e-17
1.000111137178574803e-17
9.940387680593952286e-18
9.880631497610301943e-18
9.821814712426882995e-18
9.763910271282123027e-18
9.706892141670173723e-18
9.650735276069174267e-18
9.595415575312676901e-18
9.540909852020289440e-18
9.487195794413323502e-18
9.434251930766891721e-18
9.382057594688863682e-18
9.330592891365803556e-18
9.279838664875330573e-18
9.229776466632032567e-18
9.180388525006961105e-18
9.131657716140861135e-18
9.083567535953865355e-18
9.036102073342265547e-18
8.989245984543106200e-18
8.942984468639497196e-18
8.897303244174779886e-18
8.852188526839357574e-18
8.807627008191730345e-18
8.763605835373576299e-18
8.720112591777855330e-18
8.677135278628914695e-18
8.634662297433976191e-18
8.592682433265737602e-18
8.551184838836935022e-18
8.510159019329207204e-18
8.469594817939071443e-18
8.429482402106173244e-18
8.389812250389642227e-18
8.350575139960073851e-18
8.311762134676537781e-18
8.273364573718643890e-18
8.235374060745807693e-18
8.197782453557031090e-18
8.160581854225692918e-18
8.123764599685387681e-18
8.087323252743835334e-18
8.051250593503394936e-18
8.015539611167436058e-18
7.980183496213488914e-18
7.945175632914368425e-18
7.910509592190163815e-18
7.876179124774424405e-18
7.842178154679100294e-18
7.808500772943237224e-18
7.775141231651694529e-18
7.742093938210507890e-18
7.709353449866248918e-18
7.676914468457841406e-18
7.644771835389278663e-18
7.612920526812817251e-18
7.581355649012345730e-18
7.550072433977787151e-18
7.519066235160856367e-18
7.488332523404402175e-18
7.457866883036385656e-18
7.427665008121453509e-18
7.397722698862413446e-18
7.368035858144912495e-18
7.338600488218474219e-18
7.309412687508090884e-18
7.280468647549985714e-18
7.251764650046155722e-18
7.223297064032522842e-18
7.195062343155252983e-18
7.167057023050784106e-18
7.139277718824691481e-18
7.111721122625398060e-18
7.084384001308095413e-18
7.057263194185581109e-18
7.030355610861695377e-18
7.003658229144164638e-18
6.977168093033283525e-18
6.950882310783343139e-18
6.924798053033639295e-18
6.898912551006188052e-18
6.873223094767384425e-18
6.847727031550877169e-18
6.822421764139237577e-18
6.797304749301928611e-18
6.772373496287351054e-18
6.747625565366673305e-18
6.723058566427477273e-18
6.698670157615165794e-18
6.674458044020174825e-18
6.650419976409301761e-18
6.626553749999304060e-18
6.602857203271163496e-18
6.579328216823402105e-18
6.555964712262976113e-18
6.532764651132274875e-18
6.509726033870811988e-18
6.486846898810414483e-18
6.464125321202399399e-18
6.441559412275831024e-18
6.419147318325454392e-18
6.396887219828325150e-18
6.374777330588022584e-18
6.352815896905455119e-18
6.331001196775274524e-18
6.309331539106964361e-18
6.287805262969707504e-18
6.266420736860156823e-18
6.245176357992366379e-18
6.224070551608966405e-18
6.203101770312940337e-18
6.182268493419230462e-18
6.161569226325449542e-18
6.141002499901116824e-18
6.120566869894644174e-18
6.100260916357641723e-18
6.080083243085714091e-18
6.060032477075407463e-18
6.040107267996671186e-18
6.020306287680181376e-18
6.000628229619310074e-18
5.981071808485931054e-18
5.961635759659893561e-18
5.942318838771459879e-18
5.923119821256464045e-18
5.904037501923674801e-18
5.885070694534013794e-18
5.866218231391181451e-18
5.847478962943443996e-18
5.828851757396033121e-18
5.810335500334041965e-18
5.791929094355310510e-18
5.773631458713016131e-18
5.755441528967799794e-18
5.737358256648887137e-18
5.719380608924164334e-18
5.701507568278764278e-18
5.683738132201997418e-18
5.666071312882296784e-18
5.648506136910013102e-18
5.631041644987732585e-18
5.613676891647962571e-18
5.596410944977929227e-18
5.579242886351275480e-18
5.562171810166451165e-18
5.545196823591608200e-18
5.528317046315815887e-18
5.511531610306343663e-18
5.494839659571971248e-18
5.478240349931974114e-18
5.461732848790765032e-18
5.445316334917982145e-18
5.428989998233812492e-18
5.412753039599454683e-18
5.396604670612623652e-18
5.380544113407816320e-18
5.364570600461342772e-18
5.348683374400885681e-18
5.332881687819565638e-18
5.317164803094228122e-18
5.301531992208055339e-18
5.285982536577172432e-18
5.270515726881227285e-18
5.255130862897916925e-18
5.239827253341150861e-18
5.224604215702999260e-18
5.209461076099073896e-18
5.194397169117475155e-18
5.179411837671028525e-18
5.164504432852882993e-18
5.149674313795181681e-18
5.134920847530971131e-18
5.120243408859057257e-18
5.105641380211801043e-18
5.091114151525838566e-18
5.076661120115545091e-18
5.062281690549241684e-18
5.047975274528054219e-18
5.033741290767349281e-18
5.019579164880687640e-18
5.005488329266246770e-18
4.991468222995591460e-18
4.977518291704837208e-18
4.963637987488030729e-18
4.949826768792759169e-18
4.936084100317961798e-18
4.922409452913773180e-18
4.908802303483477159e-18
4.895262134887425299e-18
4.881788435848962908e-18
4.868380700862202416e-18
4.855038430101666446e-18
4.841761129333792104e-18
4.828548309830145493e-18
4.815399488282411165e-18
4.802314186719010913e-18
4.789291932423447418e-18
4.776332257854191731e-18
4.763434700566150780e-18
4.750598803133693345e-18
4.737824113075134343e-18
4.725110182778711326e-18
4.712456569429969219e-18
4.699862834940540202e-18
4.687328545878294078e-18
4.674853273398810610e-18
4.662436593178136059e-18
4.650078085346860914e-18
4.637777334425339312e-18
4.625533929260255839e-18
4.613347462962243889e-18
4.601217532844753565e-18
4.589143740363998875e-18
4.577125691060055858e-18
4.565162994498982997e-18
4.553255264216069459e-18
4.541402117660050144e-18
4.529603176138388479e-18
4.517858064763512157e-18
4.506166412400025704e-18
4.494527851612876778e-18
4.482942018616439197e-18
4.471408553224509639e-18
4.459927098801177166e-18
4.448497302212579452e-18
4.437118813779491779e-18
4.425791287230741872e-18
4.414514379657469836e-18
4.403287751468140741e-18
4.392111066344357627e-18
4.380983991197438720e-18
4.369906196125733424e-18
4.358877354372689444e-18
4.347897142285589343e-18
4.336965239275033601e-18
4.326081327775095440e-18
4.315245093204133534e-18
4.304456223926278039e-18
4.293714411213564497e-18
4.283019349208681727e-18
4.272370734888354508e-18
4.261768268027322521e-18
4.251211651162927895e-18
4.240700589560253560e-18
4.230234791177866348e-18
4.219813966634116301e-18
4.209437829173933635e-18
4.199106094636238929e-18
4.188818481421844803e-18
4.178574710461821364e-18
4.168374505186463310e-18
4.158217591494701543e-18
4.148103697723987787e-18
4.138032554620678405e-18
4.128003895310878904e-18
4.118017455271762216e-18
4.108072972303315304e-18
4.098170186500526422e-18
4.088308840226019966e-18
4.078488678083115018e-18
4.068709446889273713e-18
4.058970895650008735e-18
4.049272775533128242e-18
4.039614839843427607e-18
4.029996843997738610e-18
4.020418545500366128e-18
4.010879703918886897e-18
4.001380080860329612e-18
3.991919439947704776e-18
3.982497546796868886e-18
3.973114168993763024e-18
3.963769076071967298e-18
3.954462039490625835e-18
3.945192832612602882e-18
3.935961230683086493e-18
3.926767010808418711e-18
3.917609951935265478e-18
3.908489834830076977e-18
3.899406442058859205e-18
3.890359557967235205e-18
3.881348968660779783e-18
3.872374461985660826e-18
3.863435827509524067e-18
3.854532856502702938e-18
3.845665341919621023e-18
3.836833078380531929e-18
3.828035862153472554e-18
3.819273491136467494e-18
3.810545764840038513e-18
3.801852484369860397e-18
3.793193452409761149e-18
3.784568473204891672e-18
3.775977352545148139e-18
3.767419897748830861e-18
3.758895917646508071e-18
3.750405222565129320e-18
3.741947624312309115e-18
3.733522936160894055e-18
3.725130972833668640e-18
3.716771550488297579e-18
3.708444486702489966e-18
3.700149600459326774e-18
3.691886712132810991e-18
3.683655643473594935e-18
3.675456217594900170e-18
3.667288258958644640e-18
3.659151593361694620e-18
3.651046047922394752e-18
3.642971451067157420e-18
3.634927632517339453e-18
3.626914423276198967e-18
3.618931655616081758e-18
3.610979163065744069e-18
3.603056780397844827e-18
3.595164343616607365e-18
3.587301689945630598e-18
3.579468657815848877e-18
3.571665086853659790e-18
3.563890817869208341e-18
3.556145692844782842e-18
3.548429554923397224e-18
3.540742248397502780e-18
3.533083618697828557e-18
3.525453512382384293e-18
3.517851777125580457e-18
3.510278261707490801e-18
3.502732816003252046e-18
3.495215290972582965e-18
3.487725538649447539e-18
3.480263412131822100e-18
3.472828765571619639e-18
3.465421454164703474e-18
3.458041334141043435e-18
3.450688262754977208e-18
3.443362098275609960e-18
3.436062699977303327e-18
3.428789928130288812e-18
3.421543643991402143e-18
3.414323709794922004e-18
3.407129988743508152e-18
3.399962344999252776e-18
3.392820643674848951e-18
3.385704750824843451e-18
3.378614533437012049e-18
3.371549859423804536e-18
3.364510597613928409e-18
3.357496617744007665e-18
3.350507790450327111e-18
3.343543987260710335e-18
3.336605080586442351e-18
3.329690943714327839e-18
3.322801450798812162e-18
3.315936476854197145e-18
3.309095897746965470e-18
3.302279590188158236e-18
3.295487431725871147e-18
3.288719300737800392e-18
3.281975076423919492e-18
3.275254638799192349e-18
3.268557868686380671e-18
3.261884647708953079e-18
3.255234858284040828e-18
3.248608383615498681e-18
3.242005107687023178e-18
3.235424915255354486e-18
3.228867691843551436e-18
3.222333323734335513e-18
3.215821697963529594e-18
3.209332702313530588e-18
3.202866225306875675e-18
3.196422156199886736e-18
3.190000384976354844e-18
3.183600802341326443e-18
3.177223299714921499e-18
3.170867769226251029e-18
3.164534103707366211e-18
3.158222196687301100e-18
3.151931942386156557e-18
3.145663235709273153e-18
3.139415972241424876e-18
3.133190048241107211e-18
3.126985360634887227e-18
3.120801807011774089e-18
3.114639285617705115e-18
3.108497695350027991e-18
3.102376935752095070e-18
3.096276907007879241e-18
3.090197509936649503e-18
3.084138645987714334e-18
3.078100217235213588e-18
3.072082126372958933e-18
3.066084276709324738e-18
3.060106572162201374e-18
3.054148917253998188e-18
3.048211217106675765e-18
3.042293377436874093e-18
3.036395304551035726e-18
3.030516905340615606e-18
3.024658087277330569e-18
3.018818758408440429e-18
3.012998827352102637e-18
3.007198203292748890e-18
3.001416795976532622e-18
2.995654515706783420e-18
2.989911273339554278e-18
2.984186980279177704e-18
2.978481548473881533e-18
2.972794890411428621e-18
2.967126919114837048e-18
2.961477548138104546e-18
2.955846691561988408e-18
2.950234263989834305e-18
2.944640180543438619e-18
2.939064356858940052e-18
2.933506709082777864e-18
2.927967153867662832e-18
2.922445608368605597e-18
2.916941990238964652e-18
2.911456217626554428e-18
2.905988209169773401e-18
2.900537883993782276e-18
2.895105161706697582e-18
2.889689962395858448e-18
2.884292206624080668e-18
2.878911815425995896e-18
2.873548710304388524e-18
2.868202813226584953e-18
2.862874046620870972e-18
2.857562333372953830e-18
2.852267596822428539e-18
2.846989760759325448e-18
2.841728749420644730e-18
2.836484487486940549e-18
2.831256900078953380e-18
2.826045912754243098e-18
2.820851451503874455e-18
2.815673442749133750e-18
2.810511813338264380e-18
