1.768320640640793200e-20
1.767391118302584846e-20
1.766007798933322080e-20
1.764268834404782595e-20
1.762242826818581438e-20
1.759978402129622478e-20
1.757511082532984460e-20
1.754867671703844388e-20
1.752069016611410158e-20
1.749131796894243029e-20
1.746069713396206169e-20
1.742894287572895881e-20
1.739615404628123151e-20
1.736241688267396098e-20
1.732780764920300729e-20
1.729239454727151834e-20
1.725623913065214670e-20
1.721939737845111641e-20
1.718192052512710572e-20
1.714385571402446390e-20
1.710524652008748318e-20
1.706613337391704952e-20
1.702655391030650357e-20
1.698654325820060431e-20
1.694613428466940332e-20
1.690535780237929485e-20
1.686424274777791163e-20
1.682281633554775412e-20
1.678110419363780625e-20
1.673913048225536567e-20
1.669691799948635601e-20
1.665448827567452474e-20
1.661186165826951463e-20
1.656905738852786640e-20
1.652609367119927591e-20
1.648298773812446923e-20
1.643975590651663234e-20
1.639641363256726073e-20
1.635297556091470817e-20
1.630945557043293047e-20
1.626586681672689488e-20
1.622222177166788654e-20
1.617853226025520568e-20
1.613480949505219225e-20
1.609106410841379877e-20
1.604730618269536722e-20
1.600354527861025925e-20
1.595979046188480791e-20
1.591605032834231532e-20
1.587233302753472467e-20
1.582864628502789868e-20
1.578499742343565144e-20
1.574139338228991970e-20
1.569784073682511602e-20
1.565434571574831417e-20
1.561091421806104952e-20
1.556755182899247730e-20
1.552426383509910570e-20
1.548105523858189732e-20
1.543793077086785784e-20
1.539489490549924103e-20
1.535195187037074200e-20
1.530910565935232501e-20
1.526636004333202122e-20
1.522371858071168118e-20
1.518118462738549169e-20
1.513876134622974588e-20
1.509645171613058558e-20
1.505425854057397393e-20
1.501218445582170735e-20
1.497023193869504932e-20
1.492840331398647023e-20
1.488670076151897499e-20
1.484512632287101410e-20
1.480368190778421507e-20
1.476236930027010303e-20
1.472119016443070338e-20
1.468014605000794040e-20
1.463923839767482283e-20
1.459846854408165720e-20
1.455783772666918145e-20
1.451734708826004815e-20
1.447699768143974633e-20
1.443679047273688063e-20
1.439672634661283746e-20
1.435680610926978483e-20
1.431703049228585312e-20
1.427740015608591963e-20
1.423791569325542077e-20
1.419857763170507332e-20
1.415938643769330245e-20
1.412034251871321972e-20
1.408144622625021176e-20
1.404269785841681099e-20
1.400409766246978078e-20
1.396564583721547251e-20
1.392734253530843802e-20
1.388918786544820852e-20
1.385118189447881699e-20
1.381332464939582786e-20
1.377561611926471670e-20
1.373805625705501755e-20
1.370064498139376179e-20
1.366338217824202119e-20
1.362626770249797981e-20
1.358930137952989897e-20
1.355248300664206893e-20
1.351581235447672041e-20
1.347928916835478023e-20
1.344291316955840377e-20
1.340668405655745377e-20
1.337060150618269114e-20
1.333466517474812110e-20
1.329887469912447951e-20
1.326322969776606645e-20
1.322772977169321877e-20
1.319237450543209019e-20
1.315716346791357607e-20
1.312209621333354508e-20
1.308717228197551974e-20
1.305239120099796948e-20
1.301775248518728907e-20
1.298325563767823937e-20
1.294890015064318047e-20
1.291468550595140027e-20
1.288061117579982194e-20
1.284667662331636162e-20
1.281288130313711613e-20
1.277922466195836157e-20
1.274570613906468690e-20
1.271232516683402097e-20
1.267908117122069035e-20
1.264597357221735810e-20
1.261300178429682464e-20
1.258016521683442925e-20
1.254746327451201094e-20
1.251489535770398515e-20
1.248246086284660468e-20
1.245015918279078108e-20
1.241798970713938113e-20
1.238595182256960952e-20
1.235404491314091986e-20
1.232226836058935245e-20
1.229062154460870053e-20
1.225910384311899992e-20
1.222771463252292448e-20
1.219645328795074333e-20
1.216531918349405203e-20
1.213431169242882681e-20
1.210343018742849870e-20
1.207267404076696753e-20
1.204204262451248448e-20
1.201153531071239082e-20
1.198115147156931948e-20
1.195089047960917673e-20
1.192075170784108017e-20
1.189073452990977498e-20
1.186083832024087315e-20
1.183106245417892157e-20
1.180140630811889639e-20
1.177186925963133132e-20
1.174245068758111889e-20
1.171314997224060171e-20
1.168396649539689934e-20
1.165489964045380964e-20
1.162594879252861226e-20
1.159711333854373242e-20
1.156839266731373873e-20
1.153978616962776553e-20
1.151129323832744978e-20
1.148291326838072735e-20
1.145464565695152757e-20
1.142648980346568971e-20
1.139844510967309525e-20
1.137051097970623275e-20
1.134268682013537570e-20
1.131497204002053300e-20
1.128736605096015242e-20
1.125986826713695770e-20
1.123247810536074486e-20
1.120519498510861306e-20
1.117801832856236073e-20
1.115094756064344572e-20
1.112398210904556210e-20
1.109712140426476443e-20
1.107036487962745239e-20
1.104371197131618882e-20
1.101716211839357520e-20
1.099071476282389277e-20
1.096436934949325865e-20
1.093812532622764074e-20
1.091198214380935154e-20
1.088593925599185675e-20
1.085999611951296336e-20
1.083415219410656332e-20
1.080840694251289210e-20
1.078275983048744219e-20
1.075721032680852833e-20
1.073175790328361906e-20
1.070640203475444640e-20
1.068114219910099166e-20
1.065597787724428556e-20
1.063090855314834167e-20
1.060593371382085756e-20
1.058105284931312455e-20
1.055626545271895488e-20
1.053157102017275880e-20
1.050696905084676404e-20
1.048245904694747684e-20
1.045804051371136973e-20
1.043371295939981394e-20
1.040947589529342492e-20
1.038532883568561205e-20
1.036127129787566631e-20
1.033730280216108069e-20
1.031342287182951686e-20
1.028963103314997159e-20
1.026592681536375939e-20
1.024230975067470536e-20
1.021877937423907767e-20
1.019533522415506420e-20
1.017197684145166377e-20
1.014870377007752031e-20
1.012551555688904379e-20
1.010241175163839418e-20
1.007939190696111641e-20
1.005645557836337504e-20
1.003360232420898288e-20
1.001083170570614659e-20
9.988143286893900992e-21
9.965536634628415356e-21
9.943011318568878465e-21
9.920566911163419759e-21
9.898202987634612196e-21
9.875919125964955559e-21
9.853714906882081401e-21
9.831589913843851160e-21
9.809543733023287264e-21
9.787575953293382357e-21
9.765686166211777625e-21
9.743873966005341815e-21
9.722138949554613330e-21
9.700480716378158068e-21
9.678898868616906196e-21
9.657393011018296327e-21
9.635962750920443777e-21
9.614607698236241109e-21
9.593327465437321758e-21
9.572121667538122958e-21
9.550989922079780157e-21
9.529931849114018415e-21
9.508947071187135589e-21
9.488035213323800450e-21
9.467195903010933549e-21
9.446428770181520376e-21
9.425733447198576497e-21
9.405109568838905032e-21
9.384556772277003111e-21
9.364074697068903620e-21
9.343662985136167413e-21
9.323321280749731079e-21
9.303049230513870566e-21
9.282846483350173835e-21
9.262712690481609803e-21
9.242647505416516047e-21
9.222650583932745989e-21
9.202721584061769444e-21
9.182860166072901058e-21
9.163065992457506177e-21
9.143338727913306025e-21
9.123678039328750586e-21
9.104083595767373435e-21
9.084555068452315081e-21
9.065092130750820740e-21
9.045694458158847940e-21
9.026361728285753871e-21
9.007093620838978228e-21
8.987889817608906603e-21
8.968750002453670683e-21
8.949673861284225306e-21
8.930661082049226898e-21
8.911711354720264000e-21
8.892824371276971936e-21
8.873999825692282896e-21
8.855237413917867112e-21
8.836536833869426575e-21
8.817897785412295701e-21
8.799319970347008893e-21
8.780803092394962894e-21
8.762346857184229608e-21
8.743950972235313243e-21
8.725615146947173777e-21
8.707339092583199269e-21
8.689122522257354210e-21
8.670965150920348935e-21
8.652866695345933927e-21
8.634826874117275364e-21
8.616845407613463080e-21
8.598922017995980906e-21
8.581056429195446341e-21
8.563248366898288531e-21
8.545497558533621860e-21
8.527803733260107487e-21
8.510166621953025551e-21
8.492585957191338330e-21
8.475061473244882813e-21
8.457592906061686642e-21
8.440179993255282555e-21
8.422822474092263566e-21
8.405520089479723801e-21
8.388272581953007771e-21
8.371079695663396462e-21
8.353941176365945384e-21
8.336856771407403882e-21
8.319826229714211167e-21
8.302849301780618751e-21
8.285925739656870051e-21
8.269055296937422119e-21
8.252237728749442732e-21
8.235472791741090801e-21
8.218760244070225612e-21
8.202099845392920452e-21
8.185491356852239564e-21
8.168934541067024107e-21
8.152429162120798508e-21
8.135974985550721938e-21
8.119571778336696279e-21
8.103219308890481608e-21
8.086917347044957635e-21
8.070665664043425760e-21
8.054464032529048061e-21
8.038312226534287778e-21
8.022210021470534871e-21
8.006157194117745118e-21
7.990153522614154446e-21
7.974198786446149743e-21
7.958292766438142680e-21
7.942435244742562398e-21
7.926626004829914397e-21
7.910864831478956795e-21
7.895151510766885601e-21
7.879485830059668960e-21
7.863867578002435553e-21
7.848296544509908149e-21
7.832772520756993626e-21
7.817295299169338392e-21
7.801864673414074897e-21
7.786480438390584687e-21
7.771142390221315635e-21
7.755850326242728563e-21
7.740604044996299539e-21
7.725403346219579350e-21
7.710248030837319174e-21
7.695137900952739201e-21
7.680072759838756620e-21
7.665052411929397180e-21
7.650076662811196207e-21
7.635145319214733547e-21
7.620258189006156458e-21
7.605415081178889091e-21
7.590615805845295313e-21
7.575860174228479967e-21
7.561147998654139780e-21
7.546479092542481981e-21
7.531853270400206110e-21
7.517270347812543012e-21
7.502730141435397636e-21
7.488232468987518936e-21
7.473777149242754013e-21
7.459364002022336878e-21
7.444992848187306603e-21
7.430663509630907424e-21
7.416375809271127267e-21
7.402129571043230252e-21
7.387924619892415596e-21
7.373760781766476502e-21
7.359637883608565893e-21
7.345555753350013286e-21
7.331514219903183815e-21
7.317513113154415475e-21
7.303552263956981962e-21
7.289631504124183395e-21
7.275750666422429521e-21
7.261909584564368056e-21
7.248108093202181548e-21
7.234346027920774399e-21
7.220623225231172037e-21
7.206939522563882484e-21
7.193294758262331637e-21
7.179688771576364761e-21
7.166121402655799138e-21
7.152592492544036902e-21
7.139101883171695924e-21
7.125649417350365591e-21
7.112234938766306908e-21
7.098858291974321115e-21
7.085519322391588221e-21
7.072217876291585276e-21
7.058953800798063327e-21
7.045726943879039416e-21
7.032537154340910463e-21
7.019384281822500932e-21
7.006268176789285045e-21
6.993188690527575892e-21
6.980145675138773213e-21
6.967138983533692445e-21
6.954168469426907297e-21
6.941233987331158539e-21
6.928335392551785352e-21
6.915472541181233422e-21
6.902645290093578075e-21
6.889853496939134680e-21
6.877097020139047996e-21
6.864375718879986831e-21
6.851689453108859772e-21
6.839038083527570041e-21
6.826421471587806448e-21
6.813839479485906582e-21
6.801291970157732027e-21
6.788778807273596248e-21
6.776299855233228581e-21
6.763854979160802180e-21
6.751444044899973991e-21
6.739066919008974383e-21
6.726723468755737406e-21
6.714413562113087468e-21
6.702137067753924513e-21
6.689893855046503234e-21
6.677683794049695738e-21
6.665506755508322669e-21
6.653362610848543014e-21
6.641251232173207796e-21
6.629172492257347684e-21
6.617126264543613951e-21
6.605112423137811972e-21
6.593130842804433975e-21
6.581181398962249706e-21
6.569263967679945259e-21
6.557378425671729543e-21
6.545524650293084450e-21
6.533702519536442041e-21
6.521911912026967066e-21
6.510152707018340225e-21
6.498424784388597863e-21
6.486728024635973914e-21
6.475062308874804292e-21
6.463427518831450091e-21
6.451823536840260648e-21
6.440250245839544898e-21
6.428707529367633743e-21
6.417195271558880741e-21
6.405713357139799714e-21
6.394261671425137656e-21
6.382840100314052211e-21
6.371448530286277875e-21
6.360086848398332056e-21
6.348754942279755004e-21
6.337452700129379822e-21
6.326180010711635587e-21
6.314936763352849710e-21
6.303722847937631556e-21
6.292538154905235743e-21
6.281382575245993907e-21
6.270256000497730668e-21
6.259158322742255576e-21
6.248089434601839263e-21
6.237049229235759558e-21
6.226037600336816757e-21
6.215054442127945189e-21
6.204099649358810494e-21
6.193173117302425696e-21
6.182274741751815440e-21
6.171404419016693004e-21
6.160562045920181710e-21
6.149747519795554379e-21
6.138960738482953237e-21
6.128201600326217393e-21
6.117470004169671202e-21
6.106765849354960774e-21
6.096089035717915310e-21
6.085439463585412201e-21
6.074817033772331650e-21
6.064221647578402960e-21
6.053653206785253202e-21
6.043111613653309170e-21
6.032596770918837020e-21
6.022108581790951812e-21
6.011646949948669932e-21
6.001211779537968291e-21
5.990802975168875113e-21
5.980420441912594587e-21
5.970064085298627748e-21
5.959733811311936996e-21
5.949429526390115888e-21
5.939151137420594276e-21
5.928898551737869784e-21
5.918671677120709946e-21
5.908470421789470196e-21
5.898294694403329108e-21
5.888144404057619923e-21
5.878019460281136514e-21
5.867919773033487479e-21
5.857845252702454766e-21
5.847795810101386141e-21
5.837771356466582394e-21
5.827771803454734948e-21
5.817797063140349177e-21
5.807847048013227155e-21
5.797921670975921817e-21
5.788020845341274629e-21
5.778144484829875012e-21
5.768292503567650676e-21
5.758464816083387231e-21
5.748661337306312502e-21
5.738881982563680085e-21
5.729126667578389019e-21
5.719395308466591421e-21
5.709687821735347516e-21
5.700004124280276152e-21
5.690344133383241426e-21
5.680707766710049847e-21
5.671094942308136207e-21
5.661505578604314158e-21
5.651939594402530545e-21
5.642396908881585138e-21
5.632877441592956433e-21
5.623381112458552985e-21
5.613907841768551998e-21
5.604457550179212340e-21
5.595030158710710888e-21
5.585625588745017980e-21
5.576243762023740525e-21
5.566884600646043356e-21
5.557548027066519419e-21
5.548233964093131438e-21
5.538942334885140034e-21
5.529673062951036358e-21
5.520426072146528144e-21
5.511201286672499424e-21
5.501998631073010873e-21
5.492818030233298646e-21
5.483659409377802555e-21
5.474522694068193501e-21
5.465407810201438511e-21
5.456314684007829670e-21
5.447243242049095810e-21
5.438193411216479586e-21
5.429165118728827346e-21
5.420158292130730908e-21
5.411172859290624955e-21
5.402208748398977712e-21
5.393265887966395861e-21
5.384344206821831771e-21
5.375443634110745589e-21
5.366564099293309464e-21
5.357705532142616275e-21
5.348867862742896648e-21
5.340051021487750257e-21
5.331254939078389164e-21
5.322479546521920283e-21
5.313724775129564646e-21
5.304990556514998547e-21
5.296276822592600643e-21
5.287583505575778802e-21
5.278910537975287172e-21
5.270257852597559802e-21
5.261625382543032221e-21
5.253013061204506656e-21
5.244420822265527783e-21
5.235848599698735901e-21
5.227296327764259991e-21
5.218763941008129569e-21
5.210251374260654956e-21
5.201758562634872234e-21
5.193285441524965643e-21
5.184831946604709530e-21
5.176398013825903535e-21
5.167983579416861934e-21
5.159588579880869892e-21
5.151212951994663782e-21
5.142856632806943851e-21
5.134519559636855300e-21
5.126201670072516748e-21
5.117902901969534411e-21
5.109623193449544110e-21
5.101362482898763063e-21
5.093120708966515344e-21
5.084897810563824302e-21
5.076693726861978642e-21
5.068508397291096255e-21
5.060341761538748233e-21
5.052193759548546015e-21
5.044064331518736063e-21
5.035953417900852462e-21
5.027860959398321374e-21
5.019786896965115895e-21
5.011731171804389098e-21
5.003693725367147697e-21
4.995674499350915935e-21
4.987673435698388937e-21
4.979690476596148506e-21
4.971725564473329264e-21
4.963778642000341224e-21
4.955849652087564515e-21
4.947938537884072705e-21
4.940045242776362889e-21
4.932169710387076001e-21
4.924311884573774297e-21
4.916471709427657906e-21
4.908649129272337801e-21
4.900844088662615539e-21
4.893056532383241944e-21
4.885286405447711141e-21
4.877533653097041802e-21
4.869798220798612565e-21
4.862080054244913184e-21
4.854379099352413046e-21
4.846695302260356716e-21
4.839028609329603109e-21
4.831378967141457896e-21
4.823746322496538259e-21
4.816130622413603039e-21
4.808531814128426519e-21
4.800949845092672203e-21
4.793384662972758329e-21
4.785836215648746692e-21
4.778304451213231475e-21
4.770789317970236354e-21
4.763290764434120628e-21
4.755808739328500399e-21
4.748343191585143419e-21
4.740894070342918855e-21
4.733461324946716964e-21
4.726044904946395098e-21
4.718644760095716935e-21
4.711260840351309773e-21
4.703893095871631597e-21
4.696541477015914073e-21
4.689205934343166487e-21
4.681886418611136034e-21
4.674582880775285430e-21
4.667295271987811134e-21
4.660023543596622453e-21
4.652767647144348491e-21
4.645527534367357122e-21
4.638303157194765694e-21
4.631094467747466034e-21
4.623901418337161475e-21
4.616723961465389601e-21
4.609562049822568310e-21
4.602415636287060681e-21
4.595284673924196217e-21
4.588169115985362792e-21
4.581068915907057234e-21
4.573984027309956961e-21
4.566914403997990874e-21
4.559859999957437330e-21
4.552820769356012331e-21
4.545796666541948691e-21
4.538787646043107550e-21
4.531793662566079359e-21
4.524814670995299902e-21
4.517850626392161814e-21
4.510901483994144905e-21
4.503967199213931433e-21
4.497047727638540939e-21
4.490143025028491420e-21
4.483253047316900304e-21
4.476377750608680229e-21
4.469517091179647545e-21
4.462671025475727117e-21
4.455839510112075876e-21
4.449022501872276335e-21
4.442219957707506788e-21
4.435431834735714508e-21
4.428658090240804753e-21
4.421898681671836543e-21
4.415153566642202630e-21
4.408422702928840320e-21
4.401706048471432514e-21
4.395003561371614764e-21
4.388315199892189108e-21
4.381640922456345415e-21
4.374980687646884999e-21
4.368334454205443475e-21
4.361702181031731675e-21
4.355083827182752479e-21
4.348479351872077095e-21
4.341888714469058884e-21
4.335311874498096841e-21
4.328748791637901340e-21
4.322199425720735038e-21
4.315663736731683138e-21
4.309141684807931158e-21
4.302633230238026158e-21
4.296138333461161288e-21
4.289656955066452815e-21
4.283189055792226166e-21
4.276734596525308009e-21
4.270293538300329598e-21
4.263865842298993274e-21
4.257451469849414181e-21
4.251050382425407824e-21
4.244662541645799445e-21
4.238287909273744679e-21
4.231926447216033664e-21
4.225578117522446300e-21
4.219242882385037557e-21
4.212920704137501759e-21
4.206611545254490993e-21
4.200315368350956072e-21
4.194032136181489771e-21
4.187761811639679829e-21
4.181504357757437133e-21
4.175259737704375056e-21
4.169027914787156446e-21
4.162808852448854161e-21
4.156602514268306326e-21
4.150408863959513735e-21
4.144227865370978564e-21
4.138059482485099503e-21
4.131903679417549596e-21
4.125760420416651816e-21
4.119629669862779471e-21
4.113511392267727264e-21
4.107405552274118471e-21
4.101312114654802332e-21
4.095231044312248442e-21
4.089162306277951661e-21
4.083105865711846067e-21
4.077061687901702346e-21
4.071029738262557538e-21
4.065009982336125972e-21
4.059002385790214717e-21
4.053006914418154080e-21
4.047023534138228100e-21
4.041052210993087741e-21
4.035092911149214492e-21
4.029145600896323030e-21
4.023210246646835344e-21
4.017286814935291679e-21
4.011375272417822404e-21
4.005475585871584531e-21
3.999587722194218541e-21
3.993711648403300696e-21
3.987847331635812659e-21
3.981994739147581769e-21
3.976153838312769465e-21
3.970324596623330374e-21
3.964506981688469134e-21
3.958700961234139354e-21
3.952906503102501194e-21
3.947123575251412797e-21
3.941352145753898405e-21
3.935592182797650321e-21
3.929843654684506805e-21
3.924106529829944259e-21
3.918380776762576184e-21
3.912666364123643112e-21
3.906963260666514567e-21
3.901271435256195553e-21
3.895590856868819485e-21
3.889921494591177998e-21
3.884263317620204100e-21
3.878616295262500475e-21
3.872980396933857996e-21
3.867355592158767473e-21
3.861741850569943439e-21
3.856139141907836646e-21
3.850547436020182676e-21
3.844966702861511433e-21
3.839396912492689729e-21
3.833838035080441314e-21
3.828290040896903756e-21
3.822752900319144700e-21
3.817226583828724781e-21
3.811711062011228920e-21
3.806206305555804409e-21
3.800712285254729832e-21
3.795228972002959160e-21
3.789756336797664344e-21
3.784294350737804989e-21
3.778842985023682231e-21
3.773402210956488100e-21
3.767971999937898516e-21
3.762552323469598576e-21
3.757143153152885335e-21
3.751744460688217165e-21
3.746356217874796219e-21
3.740978396610131339e-21
3.735610968889637068e-21
3.730253906806183012e-21
3.724907182549701135e-21
3.719570768406753172e-21
3.714244636760125887e-21
3.708928760088412782e-21
3.703623110965609352e-21
3.698327662060697807e-21
3.693042386137252858e-21
3.687767256053024181e-21
3.682502244759549724e-21
3.677247325301744195e-21
3.672002470817510111e-21
3.666767654537335309e-21
3.661542849783913781e-21
3.656328029971732647e-21
3.651123168606707287e-21
3.645928239285773584e-21
3.640743215696519287e-21
3.635568071616790552e-21
3.630402780914314276e-21
3.625247317546323449e-21
3.620101655559175722e-21
3.614965769087971238e-21
3.609839632356200543e-21
3.604723219675345859e-21
3.599616505444538029e-21
3.594519464150168322e-21
3.589432070365538602e-21
3.584354298750488938e-21
3.579286124051034983e-21
3.574227521099015888e-21
3.569178464811724169e-21
3.564138930191564150e-21
3.559108892325687090e-21
3.554088326385640606e-21
3.549077207627019596e-21
3.544075511389115662e-21
3.539083213094574803e-21
3.534100288249039313e-21
3.529126712440818271e-21
3.524162461340540714e-21
3.519207510700811086e-21
3.514261836355875203e-21
3.509325414221279457e-21
3.504398220293541299e-21
3.499480230649814459e-21
3.494571421447547396e-21
3.489671768924168827e-21
3.484781249396750693e-21
3.479899839261673375e-21
3.475027514994321004e-21
3.470164253148739164e-21
3.465310030357320418e-21
3.460464823330485326e-21
3.455628608856354439e-21
3.450801363800451130e-21
3.445983065105360044e-21
3.441173689790433694e-21
3.436373214951465959e-21
3.431581617760396416e-21
3.426798875464976322e-21
3.422024965388496266e-21
3.417259864929442364e-21
3.412503551561217153e-21
3.407756002831825117e-21
3.403017196363576278e-21
3.398287109852774735e-21
3.393565721069436549e-21
3.388853007856978278e-21
3.384148948131928469e-21
3.379453519883626729e-21
3.374766701173941983e-21
3.370088470136964025e-21
3.365418804978724407e-21
3.360757683976911688e-21
3.356105085480570508e-21
3.351460987909828873e-21
3.346825369755595723e-21
3.342198209579305524e-21
3.337579486012602664e-21
3.332969177757092446e-21
3.328367263584031123e-21
3.323773722334084791e-21
3.319188532917008519e-21
3.314611674311416518e-21
3.310043125564471436e-21
3.305482865791628569e-21
3.300930874176365780e-21
3.296387129969910405e-21
3.291851612490969556e-21
3.287324301125458900e-21
3.282805175326245375e-21
3.278294214612874471e-21
3.273791398571314447e-21
3.269296706853683985e-21
3.264810119177998666e-21
3.260331615327906906e-21
3.255861175152436045e-21
3.251398778565727913e-21
3.246944405546788681e-21
3.242498036139229315e-21
3.238059650451013547e-21
3.233629228654212245e-21
3.229206750984735966e-21
3.224792197742094589e-21
3.220385549289154315e-21
3.215986786051879629e-21
3.211595888519085027e-21
3.207212837242196164e-21
3.202837612835009482e-21
3.198470195973436050e-21
3.194110567395262327e-21
3.189758707899921834e-21
3.185414598348240867e-21
3.181078219662203407e-21
3.176749552824716389e-21
3.172428578879369715e-21
3.168115278930205296e-21
3.163809634141476684e-21
3.159511625737418865e-21
3.155221235002019552e-21
3.150938443278770924e-21
3.146663231970471388e-21
3.142395582538963399e-21
3.138135476504923185e-21
3.133882895447632422e-21
3.129637821004751407e-21
3.125400234872082458e-21
3.121170118803370547e-21
3.116947454610052031e-21
3.112732224161061676e-21
3.108524409382583271e-21
3.104323992257851012e-21
3.100130954826919670e-21
3.095945279186456954e-21
3.091766947489507282e-21
3.087595941945301442e-21
3.083432244819023382e-21
3.079275838431597295e-21
3.075126705159487134e-21
3.070984827434473545e-21
3.066850187743445479e-21
3.062722768628189165e-21
3.058602552685185364e-21
3.054489522565387806e-21
3.050383660974032860e-21
3.046284950670419102e-21
3.042193374467713217e-21
3.038108915232734087e-21
3.034031555885756433e-21
3.029961279400310703e-21
3.025898068802974674e-21
3.021841907173175225e-21
3.017792777642989341e-21
3.013750663396944756e-21
3.009715547671821337e-21
3.005687413756454355e-21
3.001666244991538129e-21
2.997652024769430804e-21
2.993644736533954605e-21
2.989644363780212652e-21
2.985650890054389221e-21
2.981664298953554137e-21
2.977684574125480718e-21
2.973711699268452427e-21
2.969745658131063508e-21
2.965786434512046710e-21
2.961834012260074293e-21
2.957888375273573714e-21
2.953949507500544061e-21
2.950017392938364590e-21
2.946092015633618681e-21
2.942173359681899740e-21
2.938261409227642306e-21
2.934356148463925696e-21
2.930457561632300217e-21
2.926565633022609249e-21
2.922680346972795893e-21
2.918801687868746870e-21
2.914929640144088642e-21
2.911064188280031682e-21
2.907205316805180515e-21
2.903353010295364444e-21
2.899507253373460761e-21
2.895668030709217195e-21
2.891835327019085277e-21
2.888009127066037151e-21
2.884189415659410218e-21
2.880376177654715298e-21
2.876569397953481652e-21
2.872769061503087335e-21
2.868975153296575629e-21
2.865187658372499692e-21
2.861406561814754038e-21
2.857631848752400000e-21
2.853863504359511128e-21
2.850101513854993388e-21
2.846345862502438081e-21
2.842596535609938278e-21
2.838853518529945506e-21
2.835116796659087687e-21
2.831386355438023187e-21
2.827662180351272297e-21
2.823944256927057370e-21
2.820232570737142194e-21
2.816527107396677774e-21
2.812827852564036820e-21
2.809134791940658768e-21
