4.038523372032059784e-22
4.045291971679304908e-22
4.053499504050201635e-22
4.061314301301117225e-22
4.067840282063391028e-22
4.072775507020501387e-22
4.076120754429039839e-22
4.078010419546532923e-22
4.078628805044476784e-22
4.078171872949944934e-22
4.076830171752043965e-22
4.074781116427512496e-22
4.072185548508455880e-22
4.069186486166993825e-22
4.065909133014598736e-22
4.062461646781598589e-22
4.058936350898477395e-22
4.055411172384315754e-22
4.051951158711478590e-22
4.048609977578543544e-22
4.045431340906651968e-22
4.042450320597927467e-22
4.039694541231590227e-22
4.037185246239977133e-22
4.034938241081910239e-22
4.032964720932949863e-22
4.031271992455570047e-22
4.029864100001366359e-22
4.028742366609226278e-22
4.027905859714427890e-22
4.027351790782777001e-22
4.027075857263492719e-22
4.027072534400785752e-22
4.027335323606281012e-22
4.027856963303575705e-22
4.028629607427742052e-22
4.029644976102086664e-22
4.030894482424203166e-22
4.032369338769685106e-22
4.034060645561358732e-22
4.035959465048163241e-22
4.038056882286708032e-22
4.040344055212581641e-22
4.042812255423895029e-22
4.045452901070782673e-22
4.048257583046616649e-22
4.051218085506642331e-22
4.054326401592801413e-22
4.057574745117116497e-22
4.060955558847951549e-22
4.064461519949384427e-22
4.068085543044626505e-22
4.071820781304863344e-22
4.075660625906409519e-22
4.079598704147978088e-22
4.083628876476627699e-22
4.087745232633591205e-22
4.091942087099188507e-22
4.096213973988788231e-22
4.100555641527987578e-22
4.104962046215472713e-22
4.109428346764593298e-22
4.113949897899895119e-22
4.118522244072496583e-22
4.123141113147205867e-22
4.127802410105286240e-22
4.132502210798789390e-22
4.137236755785779211e-22
4.142002444270154843e-22
4.146795828164721476e-22
4.151613606292424053e-22
4.156452618736902140e-22
4.161309841350710571e-22
4.166182380427088485e-22
4.171067467539122540e-22
4.175962454548446021e-22
4.180864808783963807e-22
4.185772108390333298e-22
4.190682037844432418e-22
4.195592383637799429e-22
4.200501030121886232e-22
4.205405955512801334e-22
4.210305228051794058e-22
4.215197002317081307e-22
4.220079515682984922e-22
4.224951084921627821e-22
4.229810102942679266e-22
4.234655035666459949e-22
4.239484419025743501e-22
4.244296856091569361e-22
4.249091014318464243e-22
4.253865622904526323e-22
4.258619470261891175e-22
4.263351401593267725e-22
4.268060316570141310e-22
4.272745167108755295e-22
4.277404955239550124e-22
4.282038731066404512e-22
4.286645590811813728e-22
4.291224674944367530e-22
4.295775166385053932e-22
4.300296288789046634e-22
4.304787304899635833e-22
4.309247514971326063e-22
4.313676255258925341e-22
4.318072896570022619e-22
4.322436842877811351e-22
4.326767529991790639e-22
4.331064424283864136e-22
4.335327021467248744e-22
4.339554845426047110e-22
4.343747447093169619e-22
4.347904403374551120e-22
4.352025316117604791e-22
4.356109811122013545e-22
4.360157537190969741e-22
4.364168165221177038e-22
4.368141387329822030e-22
4.372076916017011951e-22
4.375974483362095769e-22
4.379833840252370624e-22
4.383654755642855160e-22
4.387437015845712605e-22
4.391180423848097282e-22
4.394884798657183271e-22
4.398549974671215683e-22
4.402175801075495584e-22
4.405762141262167265e-22
4.409308872272934244e-22
4.412815884263535067e-22
4.416283079989280215e-22
4.419710374310589338e-22
4.423097693717751117e-22
4.426444975874155305e-22
4.429752169177133686e-22
4.433019232335714980e-22
4.436246133964651409e-22
4.439432852193913835e-22
4.442579374293165510e-22
4.445685696310480002e-22
4.448751822724791716e-22
4.451777766111497839e-22
4.454763546820655009e-22
4.457709192667314608e-22
4.460614738633439961e-22
4.463480226580985094e-22
4.466305704975684596e-22
4.469091228621093785e-22
4.471836858402523729e-22
4.474542661040409355e-22
4.477208708852821045e-22
4.479835079526659825e-22
4.482421855897309540e-22
4.484969125736301201e-22
4.487476981546765676e-22
4.489945520366327744e-22
4.492374843577141503e-22
4.494765056722837689e-22
4.497116269332084793e-22
4.499428594748507254e-22
4.501702149966734095e-22
4.503937055474320314e-22
4.506133435099371791e-22
4.508291415863590624e-22
4.510411127840555647e-22
4.512492704019086733e-22
4.514536280171459649e-22
4.516541994726271167e-22
4.518509988645838774e-22
4.520440405307933703e-22
4.522333390391668654e-22
4.524189091767424497e-22
4.526007659390681504e-22
4.527789245199516244e-22
4.529534003015741565e-22
4.531242088449535447e-22
4.532913658807330204e-22
4.534548873003010942e-22
4.536147891472166532e-22
4.537710876089329172e-22
4.539237990088144209e-22
4.540729397984267117e-22
4.542185265500991376e-22
4.543605759497417310e-22
4.544991047899175968e-22
4.546341299631504000e-22
4.547656684554690209e-22
4.548937373401716987e-22
4.550183537718121086e-22
4.551395349803892218e-22
4.552572982657424548e-22
4.553716609921398813e-22
4.554826405830527370e-22
4.555902545161174383e-22
4.556945203182644282e-22
4.557954555610227816e-22
4.558930778559852419e-22
4.559874048504324671e-22
4.560784542231080207e-22
4.561662436801440145e-22
4.562507909511242367e-22
4.563321137852907850e-22
4.564102299478775580e-22
4.564851572165791651e-22
4.565569133781343748e-22
4.566255162250403734e-22
4.566909835523771435e-22
4.567533331547422448e-22
4.568125828233006993e-22
4.568687503429327721e-22
4.569218534894875461e-22
4.569719100271337344e-22
4.570189377058047191e-22
4.570629542587352799e-22
4.571039774000878477e-22
4.571420248226648044e-22
4.571771141957022214e-22
4.572092631627467281e-22
4.572384893396062028e-22
4.572648103123810541e-22
4.572882436355621776e-22
4.573088068302056478e-22
4.573265173821696649e-22
4.573413927404236295e-22
4.573534503154150521e-22
4.573627074775019136e-22
4.573691815554457756e-22
4.573728898349597158e-22
4.573738495573135334e-22
4.573720779179959426e-22
4.573675920654243497e-22
4.573604090997105845e-22
4.573505460714728040e-22
4.573380199806955456e-22
4.573228477756388683e-22
4.573050463517859555e-22
4.572846325508430993e-22
4.572616231597726911e-22
4.572360349098735154e-22
4.572078844758969655e-22
4.571771884752017227e-22
4.571439634669476487e-22
4.571082259513219347e-22
4.570699923688054042e-22
4.570292790994644899e-22
4.569861024622837405e-22
4.569404787145249414e-22
4.568924240511178326e-22
4.568419546040823293e-22
4.567890864419758519e-22
4.567338355693733811e-22
4.566762179263681080e-22
4.566162493881033051e-22
4.565539457643290240e-22
4.564893227989791057e-22
4.564223961697770603e-22
4.563531814878613200e-22
4.562816942974346592e-22
4.562079500754335517e-22
4.561319642312207554e-22
4.560537521062953885e-22
4.559733289740251043e-22
4.558907100393947243e-22
4.558059104387752764e-22
4.557189452397105256e-22
4.556298294407196786e-22
4.555385779711172984e-22
4.554452056908503336e-22
4.553497273903488778e-22
4.552521577903945141e-22
4.551525115420012607e-22
4.550508032263120343e-22
4.549470473545070545e-22
4.548412583677283307e-22
4.547334506370157150e-22
4.546236384632537701e-22
4.545118360771345291e-22
4.543980576391287199e-22
4.542823172394672393e-22
4.541646288981398363e-22
4.540450065648970870e-22
4.539234641192679800e-22
4.538000153705822979e-22
4.536746740580095495e-22
4.535474538505998772e-22
4.534183683473391641e-22
4.532874310772100654e-22
4.531546554992632908e-22
4.530200550026948109e-22
4.528836429069333137e-22
4.527454324617335859e-22
4.526054368472777941e-22
4.524636691742842876e-22
4.523201424841218572e-22
4.521748697489326445e-22
4.520278638717591896e-22
4.518791376866796596e-22
4.517287039589477801e-22
4.515765753851391598e-22
4.514227645933024129e-22
4.512672841431160166e-22
4.511101465260514699e-22
4.509513641655390852e-22
4.507909494171395167e-22
4.506289145687225292e-22
4.504652718406451091e-22
4.503000333859388857e-22
4.501332112904967048e-22
4.499648175732698305e-22
4.497948641864609138e-22
4.496233630157271180e-22
4.494503258803842791e-22
4.492757645336129458e-22
4.490996906626724141e-22
4.489221158891102467e-22
4.487430517689839250e-22
4.485625097930767634e-22
4.483805013871242626e-22
4.481970379120357608e-22
4.480121306641245488e-22
4.478257908753372317e-22
4.476380297134877942e-22
4.474488582824889374e-22
4.472582876225917855e-22
4.470663287106240885e-22
4.468729924602302106e-22
4.466782897221142226e-22
4.464822312842840289e-22
4.462848278722978444e-22
4.460860901495103909e-22
4.458860287173229477e-22
4.456846541154322744e-22
4.454819768220853641e-22
4.452780072543280841e-22
4.450727557682628437e-22
4.448662326593010913e-22
4.446584481624216401e-22
4.444494124524264564e-22
4.442391356441988916e-22
4.440276277929625737e-22
4.438148988945418963e-22
4.436009588856212859e-22
4.433858176440063496e-22
4.431694849888862458e-22
4.429519706810951136e-22
4.427332844233751958e-22
4.425134358606380805e-22
4.422924345802331846e-22
4.420702901122047632e-22
4.418470119295605807e-22
4.416226094485358804e-22
4.413970920288563184e-22
4.411704689740037195e-22
4.409427495314810811e-22
4.407139428930766357e-22
4.404840581951306412e-22
4.402531045187978456e-22
4.400210908903135247e-22
4.397880262812601780e-22
4.395539196088295233e-22
4.393187797360882521e-22
4.390826154722434097e-22
4.388454355729046708e-22
4.386072487403507541e-22
4.383680636237916985e-22
4.381278888196315153e-22
4.378867328717341323e-22
4.376446042716842594e-22
4.374015114590496650e-22
4.371574628216438283e-22
4.369124666957879335e-22
4.366665313665719239e-22
4.364196650681148027e-22
4.361718759838247473e-22
4.359231722466601621e-22
4.356735619393869716e-22
4.354230530948391094e-22
4.351716536961753402e-22
4.349193716771375867e-22
4.346662149223075636e-22
4.344121912673623765e-22
4.341573084993317209e-22
4.339015743568507538e-22
4.336449965304171043e-22
4.333875826626416766e-22
4.331293403485036860e-22
4.328702771356020256e-22
4.326104005244064468e-22
4.323497179685086445e-22
4.320882368748731548e-22
4.318259646040842083e-22
4.315629084705970987e-22
4.312990757429834371e-22
4.310344736441796051e-22
4.307691093517310689e-22
4.305029899980398922e-22
4.302361226706074515e-22
4.299685144122777170e-22
4.297001722214820372e-22
4.294311030524779994e-22
4.291613138155938385e-22
4.288908113774647587e-22
4.286196025612750847e-22
4.283476941469960883e-22
4.280750928716215572e-22
4.278018054294075017e-22
4.275278384721043386e-22
4.272531986091940590e-22
4.269778924081236341e-22
4.267019263945366348e-22
4.264253070525065438e-22
4.261480408247672466e-22
4.258701341129437106e-22
4.255915932777796544e-22
4.253124246393668168e-22
4.250326344773730023e-22
4.247522290312663655e-22
4.244712145005427050e-22
4.241895970449479603e-22
4.239073827847037194e-22
4.236245778007275529e-22
4.233411881348566875e-22
4.230572197900666003e-22
4.227726787306915894e-22
4.224875708826428509e-22
4.222019021336270272e-22
4.219156783333612753e-22
4.216289052937910153e-22
4.213415887893022721e-22
4.210537345569369312e-22
4.207653482966054570e-22
4.204764356712975876e-22
4.201870023072935955e-22
4.198970537943750763e-22
4.196065956860324949e-22
4.193156334996726829e-22
4.190241727168268550e-22
4.187322187833565546e-22
4.184397771096566862e-22
4.181468530708620253e-22
4.178534520070475235e-22
4.175595792234318563e-22
4.172652399905787625e-22
4.169704395445948560e-22
4.166751830873312463e-22
4.163794757865798469e-22
4.160833227762706694e-22
4.157867291566686489e-22
4.154896999945675060e-22
4.151922403234859139e-22
4.148943551438579279e-22
4.145960494232277417e-22
4.142973280964389417e-22
4.139981960658261129e-22
4.136986582014042343e-22
4.133987193410552535e-22
4.130983842907178114e-22
4.127976578245720299e-22
4.124965446852252871e-22
4.121950495838980395e-22
4.118931772006051770e-22
4.115909321843408111e-22
4.112883191532585480e-22
4.109853426948530327e-22
4.106820073661386707e-22
4.103783176938303722e-22
4.100742781745198761e-22
4.097698932748533437e-22
4.094651674317071660e-22
4.091601050523638170e-22
4.088547105146854513e-22
4.085489881672870777e-22
4.082429423297095917e-22
4.079365772925909752e-22
4.076298973178370245e-22
4.073229066387899637e-22
4.070156094603992674e-22
4.067080099593875465e-22
4.064001122844184087e-22
4.060919205562625324e-22
4.057834388679624712e-22
4.054746712849979280e-22
4.051656218454471742e-22
4.048562945601514307e-22
4.045466934128758167e-22
4.042368223604703922e-22
4.039266853330292263e-22
4.036162862340508280e-22
4.033056289405939706e-22
4.029947173034383106e-22
4.026835551472370139e-22
4.023721462706757301e-22
4.020604944466250303e-22
4.017486034222955252e-22
4.014364769193898333e-22
4.011241186342563356e-22
4.008115322380379927e-22
4.004987213768262412e-22
4.001856896718073656e-22
3.998724407194131972e-22
3.995589780914690380e-22
3.992453053353403155e-22
3.989314259740792373e-22
3.986173435065704115e-22
3.983030614076749620e-22
3.979885831283756790e-22
3.976739120959194413e-22
3.973590517139591226e-22
3.970440053626959199e-22
3.967287763990201780e-22
3.964133681566510850e-22
3.960977839462747696e-22
3.957820270556847020e-22
3.954661007499184745e-22
3.951500082713935007e-22
3.948337528400451122e-22
3.945173376534606594e-22
3.942007658870139876e-22
3.938840406939998671e-22
3.935671652057666826e-22
3.932501425318481357e-22
3.929329757600963109e-22
3.926156679568109328e-22
3.922982221668701283e-22
3.919806414138593546e-22
3.916629287002012213e-22
3.913450870072811263e-22
3.910271192955760440e-22
3.907090285047810077e-22
3.903908175539331954e-22
3.900724893415389766e-22
3.897540467456964463e-22
3.894354926242199333e-22
3.891168298147625335e-22
3.887980611349379855e-22
3.884791893824429217e-22
3.881602173351762985e-22
3.878411477513604726e-22
3.875219833696610070e-22
3.872027269093030452e-22
3.868833810701923399e-22
3.865639485330301224e-22
3.862444319594312163e-22
3.859248339920396121e-22
3.856051572546423489e-22
3.852854043522872523e-22
3.849655778713945119e-22
3.846456803798699523e-22
3.843257144272192908e-22
3.840056825446581641e-22
3.836855872452254926e-22
3.833654310238931306e-22
3.830452163576757516e-22
3.827249457057408745e-22
3.824046215095173384e-22
3.820842461928041531e-22
3.817638221618769990e-22
3.814433518055960904e-22
3.811228374955115942e-22
3.808022815859704582e-22
3.804816864142209836e-22
3.801610543005166914e-22
3.798403875482218821e-22
3.795196884439124926e-22
3.791989592574812328e-22
3.788782022422379260e-22
3.785574196350121053e-22
3.782366136562528844e-22
3.779157865101304728e-22
3.775949403846347295e-22
3.772740774516757380e-22
3.769531998671802444e-22
3.766323097711924201e-22
3.763114092879688422e-22
3.759905005260766236e-22
3.756695855784895685e-22
3.753486665226838578e-22
3.750277454207328874e-22
3.747068243194024370e-22
3.743859052502443799e-22
3.740649902296908170e-22
3.737440812591461412e-22
3.734231803250799487e-22
3.731022893991185864e-22
3.727814104381382039e-22
3.724605453843530571e-22
3.721396961654069139e-22
3.718188646944642264e-22
3.714980528702968346e-22
3.711772625773747621e-22
3.708564956859526382e-22
3.705357540521595997e-22
3.702150395180848200e-22
3.698943539118641666e-22
3.695736990477677044e-22
3.692530767262836737e-22
3.689324887342051004e-22
3.686119368447138200e-22
3.682914228174642672e-22
3.679709483986675941e-22
3.676505153211754127e-22
3.673301253045611856e-22
3.670097800552043919e-22
3.666894812663690030e-22
3.663692306182889644e-22
3.660490297782456378e-22
3.657288804006492856e-22
3.654087841271191932e-22
3.650887425865624738e-22
3.647687573952537201e-22
3.644488301569127750e-22
3.641289624627823612e-22
3.638091558917069331e-22
3.634894120102084732e-22
3.631697323725641683e-22
3.628501185208811243e-22
3.625305719851739954e-22
3.622110942834381943e-22
3.618916869217269105e-22
3.615723513942237556e-22
3.612530891833172899e-22
3.609339017596747494e-22
3.606147905823151143e-22
3.602957570986814729e-22
3.599768027447138075e-22
3.596579289449197598e-22
3.593391371124474643e-22
3.590204286491558898e-22
3.587018049456844758e-22
3.583832673815242263e-22
3.580648173250882866e-22
3.577464561337792285e-22
3.574281851540596740e-22
3.571100057215198628e-22
3.567919191609458311e-22
3.564739267863878718e-22
3.561560299012268331e-22
3.558382297982422028e-22
3.555205277596771836e-22
3.552029250573059786e-22
3.548854229524990075e-22
3.545680226962883113e-22
3.542507255294332859e-22
3.539335326824838765e-22
3.536164453758453711e-22
3.532994648198429117e-22
3.529825922147842180e-22
3.526658287510227361e-22
3.523491756090210670e-22
3.520326339594116699e-22
3.517162049630610439e-22
3.513998897711291612e-22
3.510836895251325202e-22
3.507676053570038140e-22
3.504516383891534321e-22
3.501357897345284704e-22
3.498200604966734803e-22
3.495044517697902783e-22
3.491889646387954040e-22
3.488736001793810576e-22
3.485583594580711949e-22
3.482432435322816651e-22
3.479282534503775281e-22
3.476133902517288671e-22
3.472986549667703155e-22
3.469840486170552235e-22
3.466695722153149036e-22
3.463552267655118563e-22
3.460410132628974166e-22
3.457269326940663444e-22
3.454129860370123069e-22
3.450991742611826107e-22
3.447854983275318032e-22
3.444719591885769220e-22
3.441585577884508614e-22
3.438452950629557874e-22
3.435321719396165049e-22
3.432191893377326968e-22
3.429063481684322443e-22
3.425936493347229959e-22
3.422810937315450530e-22
3.419686822458218808e-22
3.416564157565125471e-22
3.413442951346610930e-22
3.410323212434493361e-22
3.407204949382453480e-22
3.404088170666548941e-22
3.400972884685710388e-22
3.397859099762227648e-22
3.394746824142257539e-22
3.391636065996296419e-22
3.388526833419677659e-22
3.385419134433062524e-22
3.382312976982896269e-22
3.379208368941916423e-22
3.376105318109600413e-22
3.373003832212657865e-22
3.369903918905493748e-22
3.366805585770673397e-22
3.363708840319385193e-22
3.360613689991914985e-22
3.357520142158078680e-22
3.354428204117715003e-22
3.351337883101098337e-22
3.348249186269424432e-22
3.345162120715235466e-22
3.342076693462876607e-22
3.338992911468935650e-22
3.335910781622682647e-22
3.332830310746507665e-22
3.329751505596357129e-22
3.326674372862166871e-22
3.323598919168290955e-22
3.320525151073922031e-22
3.317453075073530500e-22
3.314382697597278759e-22
3.311314025011436854e-22
3.308247063618806602e-22
3.305181819659139121e-22
3.302118299309535914e-22
3.299056508684872045e-22
3.295996453838192515e-22
3.292938140761126036e-22
3.289881575384284230e-22
3.286826763577659416e-22
3.283773711151032270e-22
3.280722423854353158e-22
3.277672907378149795e-22
3.274625167353910928e-22
3.271579209354472367e-22
3.268535038894412893e-22
3.265492661430434176e-22
3.262452082361733644e-22
3.259413307030404147e-22
3.256376340721789904e-22
3.253341188664880050e-22
3.250307856032668814e-22
3.247276347942530733e-22
3.244246669456592579e-22
3.241218825582095415e-22
3.238192821271764164e-22
3.235168661424160733e-22
3.232146350884055467e-22
3.229125894442777445e-22
3.226107296838570421e-22
3.223090562756955350e-22
3.220075696831065632e-22
3.217062703642012930e-22
3.214051587719229004e-22
3.211042353540808015e-22
3.208035005533853997e-22
3.205029548074818936e-22
3.202025985489851651e-22
3.199024322055117062e-22
3.196024561997148364e-22
3.193026709493175231e-22
3.190030768671452947e-22
3.187036743611593433e-22
3.184044638344896730e-22
3.181054456854666975e-22
3.178066203076551414e-22
3.175079880898841796e-22
3.172095494162812450e-22
3.169113046663036251e-22
3.166132542147686494e-22
3.163153984318866497e-22
3.160177376832915704e-22
3.157202723300725184e-22
3.154230027288031509e-22
3.151259292315746357e-22
3.148290521860242867e-22
3.145323719353673963e-22
3.142358888184255407e-22
3.139396031696586482e-22
3.136435153191928815e-22
3.133476255928521878e-22
3.130519343121857588e-22
3.127564417944991574e-22
3.124611483528817304e-22
3.121660542962368894e-22
3.118711599293107924e-22
3.115764655527191925e-22
3.112819714629785180e-22
3.109876779525318738e-22
3.106935853097787117e-22
3.103996938191014427e-22
3.101060037608943550e-22
3.098125154115905556e-22
3.095192290436898067e-22
3.092261449257843859e-22
3.089332633225890852e-22
3.086405844949648151e-22
3.083481086999481324e-22
3.080558361907758792e-22
3.077637672169135826e-22
3.074719020240794346e-22
3.071802408542726454e-22
3.068887839457983634e-22
3.065975315332931134e-22
3.063064838477518327e-22
3.060156411165522273e-22
3.057250035634807740e-22
3.054345714087576878e-22
3.051443448690621714e-22
3.048543241575575713e-22
3.045645094839155450e-22
3.042749010543405595e-22
3.039854990715968795e-22
3.036963037350286458e-22
3.034073152405882275e-22
3.031185337808573814e-22
3.028299595450730185e-22
3.025415927191496796e-22
3.022534334857045498e-22
3.019654820240796991e-22
3.016777385103657797e-22
3.013902031174261009e-22
3.011028760149182107e-22
3.008157573693187223e-22
3.005288473439443791e-22
3.002421460989757057e-22
2.999556537914797180e-22
2.996693705754310358e-22
2.993832966017357680e-22
2.990974320182535657e-22
2.988117769698179813e-22
2.985263315982595080e-22
2.982410960424283851e-22
2.979560704382141104e-22
2.976712549185681043e-22
2.973866496135251506e-22
2.971022546502246023e-22
2.968180701529310236e-22
2.965340962430558187e-22
2.962503330391770271e-22
2.959667806570622228e-22
2.956834392096863339e-22
2.954003088072543069e-22
2.951173895572207133e-22
2.948346815643097808e-22
2.945521849305358462e-22
2.942698997552235742e-22
2.939878261350276585e-22
2.937059641639521475e-22
2.934243139333704268e-22
2.931428755320451564e-22
2.928616490461477364e-22
2.925806345592764568e-22
2.922998321524773273e-22
2.920192419042615686e-22
2.917388638906262070e-22
2.914586981850711898e-22
2.911787448586196974e-22
2.908990039798361995e-22
2.906194756148442752e-22
2.903401598273460322e-22
2.900610566786404916e-22
2.897821662276399509e-22
2.895034885308911426e-22
2.892250236425903749e-22
2.889467716146026213e-22
2.886687324964793416e-22
2.883909063354765373e-22
2.881132931765713962e-22
2.878358930624792673e-22
2.875587060336730323e-22
2.872817321283986224e-22
2.870049713826932150e-22
2.867284238304005619e-22
2.864520895031905498e-22
2.861759684305734472e-22
2.859000606399182891e-22
2.856243661564690517e-22
2.853488850033609214e-22
2.850736172016367989e-22
2.847985627702645550e-22
2.845237217261515600e-22
2.842490940841618929e-22
2.839746798571329866e-22
2.837004790558894984e-22
2.834264916892620708e-22
2.831527177641002625e-22
2.828791572852896631e-22
2.826058102557682561e-22
2.823326766765393025e-22
2.820597565466894902e-22
2.817870498634027109e-22
2.815145566219751534e-22
2.812422768158315724e-22
2.809702104365391597e-22
2.806983574738229191e-22
2.804267179155806190e-22
2.801552917478971334e-22
2.798840789550596294e-22
2.796130795195718140e-22
2.793422934221680871e-22
2.790717206418291520e-22
2.788013611557946639e-22
2.785312149395786994e-22
2.782612819669832040e-22
2.779915622101126623e-22
2.777220556393877337e-22
2.774527622235591705e-22
2.771836819297205130e-22
2.769148147233247344e-22
2.766461605681944446e-22
2.763777194265378763e-22
2.761094912589611105e-22
2.758414760244819002e-22
2.755736736805430711e-22
2.753060841830252639e-22
2.750387074862612285e-22
2.747715435430470143e-22
2.745045923046568759e-22
2.742378537208550277e-22
2.739713277399085746e-22
2.737050143086011477e-22
2.734389133722443298e-22
2.731730248746909624e-22
2.729073487583478880e-22
2.726418849641877046e-22
2.723766334317621199e-22
2.721115940992125776e-22
2.718467669032851153e-22
2.715821517793392045e-22
2.713177486613629853e-22
2.710535574819831400e-22
2.707895781724781999e-22
2.705258106627888428e-22
2.702622548815318107e-22
2.699989107560090786e-22
2.697357782122221017e-22
2.694728571748813130e-22
2.692101475674189604e-22
2.689476493119996853e-22
2.686853623295325132e-22
2.684232865396819033e-22
2.681614218608785158e-22
2.678997682103312491e-22
2.676383255040380075e-22
2.673770936567961861e-22
2.671160725822144735e-22
2.668552621927229132e-22
2.665946623995848002e-22
2.663342731129062731e-22
2.660740942416473162e-22
2.658141256936330445e-22
2.655543673755642834e-22
2.652948191930264551e-22
2.650354810505018979e-22
2.647763528513795994e-22
2.645174344979648822e-22
2.642587258914909244e-22
2.640002269321271754e-22
2.637419375189916286e-22
2.634838575501591437e-22
2.632259869226718850e-22
2.629683255325499481e-22
2.627108732748005285e-22
2.624536300434276551e-22
2.621965957314427219e-22
2.619397702308729524e-22
2.616831534327727308e-22
2.614267452272312193e-22
2.611705455033835962e-22
2.609145541494195659e-22
2.606587710525927162e-22
2.604031960992309096e-22
2.601478291747435714e-22
2.598926701636332565e-22
2.596377189495032195e-22
2.593829754150669599e-22
2.591284394421575790e-22
2.588741109117362434e-22
2.586199897039019179e-22
2.583660756978993123e-22
2.581123687721287083e-22
2.578588688041532001e-22
2.576055756707096511e-22
2.573524892477153694e-22
2.570996094102781710e-22
2.568469360327040437e-22
2.565944689885053285e-22
2.563422081504108758e-22
2.560901533903722053e-22
2.558383045795743670e-22
2.555866615884419135e-22
2.553352242866480212e-22
2.550839925431240356e-22
2.548329662260654425e-22
2.545821452029406613e-22
2.543315293405004483e-22
2.540811185047843858e-22
2.538309125611285934e-22
2.535809113741756489e-22
2.533311148078803248e-22
2.530815227255179110e-22
2.528321349896932893e-22
2.525829514623466700e-22
