1.012316648536504375e-19
1.012071273119063245e-19
1.011566569683335674e-19
1.008526479177138575e-19
1.005598294752959259e-19
1.003917744078447691e-19
1.003183235162235261e-19
1.002912981349838454e-19
1.002824763185895950e-19
1.002798404590331559e-19
1.002791048514529991e-19
1.002789104210036469e-19
1.002788612607225580e-19
1.002788492815732153e-19
1.002788464523190047e-19
1.002788458017554695e-19
1.002788456555961645e-19
1.002788456234197131e-19
1.002788456164621347e-19
1.002788456149814918e-19
1.002788456146708634e-19
1.002788456146065374e-19
1.002788456145933688e-19
1.002788456145906966e-19
1.002788456145901669e-19
1.002788456145900586e-19
1.002788456145900345e-19
1.002788456145900345e-19
1.002788456145900345e-19
1.002788456145900345e-19
1.002788456145900345e-19
1.002788456145900345e-19
1.002788456145900345e-19
1.002788456145900345e-19
1.002788456145900345e-19
1.002788456145900345e-19
1.002788456145900345e-19
1.002788456145900345e-19
1.002788456145900345e-19
1.002788456145900345e-19
1.002788456145900345e-19
1.002788456145900345e-19
1.002788456145900345e-19
1.002788456145900345e-19
1.002788456145900345e-19
1.002788456145900345e-19
1.002788456145900345e-19
1.002788456145900345e-19
1.002788456145900345e-19
1.002788456145900345e-19
1.002788456145900345e-19
1.002788456145900345e-19
1.002788456145900345e-19
1.002788456145900345e-19
1.002788456145900345e-19
1.002788456145900345e-19
1.002788456145900345e-19
1.002788456145900345e-19
1.002788456145900345e-19
1.002788456145900345e-19
1.002788456145900345e-19
1.002788456145900345e-19
1.002788456145900345e-19
1.002788456145900345e-19
1.002788456145900345e-19
1.002788456145900345e-19
1.002788456145900345e-19
1.002788456145900345e-19
1.002788456145900345e-19
1.002788456145900345e-19
1.002788456145900345e-19
1.002788456145900345e-19
1.002788456145900345e-19
1.002788456145900345e-19
1.002788456145900345e-19
1.002788456145900345e-19
1.002788456145900345e-19
1.002788456145900345e-19
1.002788456145900345e-19
1.002788456145900345e-19
1.002788456145900345e-19
1.002788456145900345e-19
1.002788456145900345e-19
1.002788456145900345e-19
1.002788456145900345e-19
1.002788456145900345e-19
1.002788456145900345e-19
1.002788456145900345e-19
1.002788456145900345e-19
1.002788456145900345e-19
1.002788456145900345e-19
1.002788456145900345e-19
1.002788456145900345e-19
1.002788456145900345e-19
1.002788456145900345e-19
1.002788456145900345e-19
1.002788456145900345e-19
1.002788456145900345e-19
1.002788456145900345e-19
1.002788456145900345e-19
1.002788456145900345e-19
1.002788456145900345e-19
1.002788456145900345e-19
1.002788456145900345e-19
1.002788456145900345e-19
1.002788456145900345e-19
1.002788456145900345e-19
1.002788456145900345e-19
1.002788456145900345e-19
1.002788456145900345e-19
1.002788456145900345e-19
1.002788456145900345e-19
1.002788456145900345e-19
1.002788456145900345e-19
1.002788456145900345e-19
1.002788456145900345e-19
1.002788456145900345e-19
1.002788456145900345e-19
1.002788456145900345e-19
1.002788456145900345e-19
1.002788456145900345e-19
1.002788456145900345e-19
1.002788456145900345e-19
1.002788456145900345e-19
1.002788456145900345e-19
1.002788456145900345e-19
1.002788456145900345e-19
1.002788456145900345e-19
1.002788456145900345e-19
1.002788456145900345e-19
1.002788456145900345e-19
1.002788456145900345e-19
1.002788456145900345e-19
1.002788456145900345e-19
1.002788456145900345e-19
1.002788456145900345e-19
1.002788456145900345e-19
1.002788456145900345e-19
1.002788456145900345e-19
1.002788456145900345e-19
1.002788456145900345e-19
1.002788456145900345e-19
1.002788456145900345e-19
1.002788456145900345e-19
1.002788456145900345e-19
1.002788456145900345e-19
1.002788456145900345e-19
1.002788456145900345e-19
1.002788456145900345e-19
1.002788456145900345e-19
1.002788456145900345e-19
1.002788456145900345e-19
1.002788456145900345e-19
1.002788456145900345e-19
1.002788456145900345e-19
1.002788456145900345e-19
1.002788456145900345e-19
1.002788456145900345e-19
1.002788456145900345e-19
1.002788456145900345e-19
1.002788456145900345e-19
1.002788456145900345e-19
1.002788456145900345e-19
1.002788456145900345e-19
1.002788456145900345e-19
1.002788456145900345e-19
1.002788456145900345e-19
1.002788456145900345e-19
1.002788456145900345e-19
1.002788456145900345e-19
1.002788456145900345e-19
1.002788456145900345e-19
1.002788456145900345e-19
1.002788456145900345e-19
1.002788456145900345e-19
1.002788456145900345e-19
1.002788456145900345e-19
1.002788456145900345e-19
1.002788456145900345e-19
1.002788456145900345e-19
1.002788456145900345e-19
1.002788456145900345e-19
1.002788456145900345e-19
1.002788456145900345e-19
1.002788456145900345e-19
1.002788456145900345e-19
1.002788456145900345e-19
1.002788456145900345e-19
1.002788456145900345e-19
1.002788456145900345e-19
1.002788456145900345e-19
1.002788456145900345e-19
1.002788456145900345e-19
1.002788456145900345e-19
1.002788456145900345e-19
1.002788456145900345e-19
1.002788456145900345e-19
1.002788456145900345e-19
1.002788456145900345e-19
1.002788456145900345e-19
1.002788456145900345e-19
1.002788456145900345e-19
1.002788456145900345e-19
1.002788456145900345e-19
1.002788456145900345e-19
1.002788456145900345e-19
1.002788456145900345e-19
1.002788456145900345e-19
1.002788456145900345e-19
1.002788456145900345e-19
1.002788456145900345e-19
1.002788456145900345e-19
1.002788456145900345e-19
1.002788456145900345e-19
1.002788456145900345e-19
1.002788456145900345e-19
1.002788456145900345e-19
1.002788456145900345e-19
1.002788456145900345e-19
1.002788456145900345e-19
1.002788456145900345e-19
1.002788456145900345e-19
1.002788456145900345e-19
1.002788456145900345e-19
1.002788456145900345e-19
1.002788456145900345e-19
1.002788456145900345e-19
1.002788456145900345e-19
1.002788456145900345e-19
1.002788456145900345e-19
1.002788456145900345e-19
1.002788456145900345e-19
1.002788456145900345e-19
1.002788456145900345e-19
1.002788456145900345e-19
1.002788456145900345e-19
1.002788456145900345e-19
1.002788456145900345e-19
1.002788456145900345e-19
1.002788456145900345e-19
1.002788456145900345e-19
1.002788456145900345e-19
1.002788456145900345e-19
1.002788456145900345e-19
1.002788456145900345e-19
1.002788456145900345e-19
1.002788456145900345e-19
1.002788456145900345e-19
1.002788456145900345e-19
1.002788456145900345e-19
1.002788456145900345e-19
1.002788456145900345e-19
1.002788456145900345e-19
1.002788456145900345e-19
1.002788456145900345e-19
1.002788456145900345e-19
1.002788456145900345e-19
1.002788456145900345e-19
1.002788456145900345e-19
1.002788456145900345e-19
1.002788456145900345e-19
1.002788456145900345e-19
1.002788456145900345e-19
1.002788456145900345e-19
1.002788456145900345e-19
1.002788456145900345e-19
1.002788456145900345e-19
1.002788456145900345e-19
1.002788456145900345e-19
1.002788456145900345e-19
1.002788456145900345e-19
1.002788456145900345e-19
1.002788456145900345e-19
1.002788456145900345e-19
1.002788456145900345e-19
1.002788456145900345e-19
1.002788456145900345e-19
1.002788456145900345e-19
1.002788456145900345e-19
1.002788456145900345e-19
1.002788456145900345e-19
1.002788456145900345e-19
1.002788456145900345e-19
1.002788456145900345e-19
1.002788456145900345e-19
1.002788456145900345e-19
1.002788456145900345e-19
1.002788456145900345e-19
1.002788456145900345e-19
1.002788456145900345e-19
1.002788456145900345e-19
1.002788456145900345e-19
1.002788456145900345e-19
1.002788456145900345e-19
1.002788456145900345e-19
1.002788456145900345e-19
1.002788456145900345e-19
1.002788456145900345e-19
1.002788456145900345e-19
1.002788456145900345e-19
1.002788456145900345e-19
1.002788456145900345e-19
1.002788456145900345e-19
1.002788456145900345e-19
1.002788456145900345e-19
1.002788456145900345e-19
1.002788456145900345e-19
1.002788456145900345e-19
1.002788456145900345e-19
1.002788456145900345e-19
1.002788456145900345e-19
1.002788456145900345e-19
1.002788456145900345e-19
1.002788456145900345e-19
1.002788456145900345e-19
1.002788456145900345e-19
1.002788456145900345e-19
1.002788456145900345e-19
1.002788456145900345e-19
1.002788456145900345e-19
1.002788456145900345e-19
1.002788456145900345e-19
1.002788456145900345e-19
1.002788456145900345e-19
1.002788456145900345e-19
1.002788456145900345e-19
1.002788456145900345e-19
1.002788456145900345e-19
1.002788456145900345e-19
1.002788456145900345e-19
1.002788456145900345e-19
1.002788456145900345e-19
1.002788456145900345e-19
1.002788456145900345e-19
1.002788456145900345e-19
1.002788456145900345e-19
1.002788456145900345e-19
1.002788456145900345e-19
1.002788456145900345e-19
1.002788456145900345e-19
1.002788456145900345e-19
1.002788456145900345e-19
1.002788456145900345e-19
1.002788456145900345e-19
1.002788456145900345e-19
1.002788456145900345e-19
1.002788456145900345e-19
1.002788456145900345e-19
1.002788456145900345e-19
1.002788456145900345e-19
1.002788456145900345e-19
1.002788456145900345e-19
1.002788456145900345e-19
1.002788456145900345e-19
1.002788456145900345e-19
1.002788456145900345e-19
1.002788456145900345e-19
1.002788456145900345e-19
1.002788456145900345e-19
1.002788456145900345e-19
1.002788456145900345e-19
1.002788456145900345e-19
1.002788456145900345e-19
1.002788456145900345e-19
1.002788456145900345e-19
1.002788456145900345e-19
1.002788456145900345e-19
1.002788456145900345e-19
1.002788456145900345e-19
1.002788456145900345e-19
1.002788456145900345e-19
1.002788456145900345e-19
1.002788456145900345e-19
1.002788456145900345e-19
1.002788456145900345e-19
1.002788456145900345e-19
1.002788456145900345e-19
1.002788456145900345e-19
1.002788456145900345e-19
1.002788456145900345e-19
1.002788456145900345e-19
1.002788456145900345e-19
1.002788456145900345e-19
1.002788456145900345e-19
1.002788456145900345e-19
1.002788456145900345e-19
1.002788456145900345e-19
1.002788456145900345e-19
1.002788456145900345e-19
1.002788456145900345e-19
1.002788456145900345e-19
1.002788456145900345e-19
1.002788456145900345e-19
1.002788456145900345e-19
1.002788456145900345e-19
1.002788456145900345e-19
1.002788456145900345e-19
1.002788456145900345e-19
1.002788456145900345e-19
1.002788456145900345e-19
1.002788456145900345e-19
1.002788456145900345e-19
1.002788456145900345e-19
1.002788456145900345e-19
1.002788456145900345e-19
1.002788456145900345e-19
1.002788456145900345e-19
1.002788456145900345e-19
1.002788456145900345e-19
1.002788456145900345e-19
1.002788456145900345e-19
1.002788456145900345e-19
1.002788456145900345e-19
1.002788456145900345e-19
1.002788456145900345e-19
1.002788456145900345e-19
1.002788456145900345e-19
1.002788456145900345e-19
1.002788456145900345e-19
1.002788456145900345e-19
1.002788456145900345e-19
1.002788456145900345e-19
1.002788456145900345e-19
1.002788456145900345e-19
1.002788456145900345e-19
1.002788456145900345e-19
1.002788456145900345e-19
1.002788456145900345e-19
1.002788456145900345e-19
1.002788456145900345e-19
1.002788456145900345e-19
1.002788456145900345e-19
1.002788456145900345e-19
1.002788456145900345e-19
1.002788456145900345e-19
1.002788456145900345e-19
1.002788456145900345e-19
1.002788456145900345e-19
1.002788456145900345e-19
1.002788456145900345e-19
1.002788456145900345e-19
1.002788456145900345e-19
1.002788456145900345e-19
1.002788456145900345e-19
1.002788456145900345e-19
1.002788456145900345e-19
1.002788456145900345e-19
1.002788456145900345e-19
1.002788456145900345e-19
1.002788456145900345e-19
1.002788456145900345e-19
1.002788456145900345e-19
1.002788456145900345e-19
1.002788456145900345e-19
1.002788456145900345e-19
1.002788456145900345e-19
1.002788456145900345e-19
1.002788456145900345e-19
1.002788456145900345e-19
1.002788456145900345e-19
1.002788456145900345e-19
1.002788456145900345e-19
1.002788456145900345e-19
1.002788456145900345e-19
1.002788456145900345e-19
1.002788456145900345e-19
1.002788456145900345e-19
1.002788456145900345e-19
1.002788456145900345e-19
1.002788456145900345e-19
1.002788456145900345e-19
1.002788456145900345e-19
1.002788456145900345e-19
1.002788456145900345e-19
1.002788456145900345e-19
1.002788456145900345e-19
1.002788456145900345e-19
1.002788456145900345e-19
1.002788456145900345e-19
1.002788456145900345e-19
1.002788456145900345e-19
1.002788456145900345e-19
1.002788456145900345e-19
1.002788456145900345e-19
1.002788456145900345e-19
1.002788456145900345e-19
1.002788456145900345e-19
1.002788456145900345e-19
1.002788456145900345e-19
1.002788456145900345e-19
1.002788456145900345e-19
1.002788456145900345e-19
1.002788456145900345e-19
1.002788456145900345e-19
1.002788456145900345e-19
1.002788456145900345e-19
1.002788456145900345e-19
1.002788456145900345e-19
1.002788456145900345e-19
