1.773416759848047765e-20
1.772488340681582596e-20
1.771177127264193799e-20
1.769525169003390127e-20
1.767575214164485121e-20
1.765377810153547462e-20
1.762979178094632937e-20
1.760419254632924417e-20
1.757731672483362728e-20
1.754943886020053232e-20
1.752077559348966701e-20
1.749149227500696002e-20
1.746171099343117722e-20
1.743151874288243549e-20
1.740097493862286174e-20
1.737011792301383084e-20
1.733897037498150717e-20
1.730754368027336217e-20
1.727584138388118577e-20
1.724386186543992185e-20
1.721160037501377005e-20
1.717905055291270369e-20
1.714620553977754216e-20
1.711305876559536992e-20
1.707960449016312460e-20
1.704583815345900465e-20
1.701175658250157320e-20
1.697735809146643060e-20
1.694264250383497751e-20
1.690761111891258328e-20
1.687226663991405485e-20
1.683661307673820032e-20
1.680065563334195254e-20
1.676440058710995466e-20
1.672785516565449478e-20
1.669102742496399772e-20
1.665392613164846941e-20
1.661656065113904390e-20
1.657894084302011272e-20
1.654107696416727526e-20
1.650297957998459804e-20
1.646465948376403811e-20
1.642612762399136478e-20
1.638739503928900438e-20
1.634847280059615672e-20
1.630937196013126632e-20
1.627010350665387957e-20
1.623067832653193176e-20
1.619110717012486258e-20
1.615140062300682832e-20
1.611156908157377899e-20
1.607162273260389480e-20
1.603157153636716855e-20
1.599142521290868277e-20
1.595119323115911597e-20
1.591088480055363713e-20
1.587050886486837323e-20
1.583007409800919787e-20
1.578958890151261751e-20
1.574906140354142009e-20
1.570849945917896007e-20
1.566791065184670011e-20
1.562730229568614102e-20
1.558668143876517612e-20
1.554605486698202047e-20
1.550542910855510726e-20
1.546481043899933872e-20
1.542420488650061629e-20
1.538361823761046040e-20
1.534305604319258396e-20
1.530252362456043992e-20
1.526202607975355611e-20
1.522156828990570684e-20
1.518115492566527425e-20
1.514079045363273232e-20
1.510047914278479384e-20
1.506022507085996657e-20
1.502003213068281064e-20
1.497990403640844741e-20
1.493984432967140076e-20
1.489985638562573776e-20
1.485994341886542236e-20
1.482010848921616160e-20
1.478035450739190694e-20
1.474068424051027827e-20
1.470110031746304065e-20
1.466160523413869968e-20
1.462220135849541301e-20
1.458289093548347470e-20
1.454367609181683371e-20
1.450455884059479919e-20
1.446554108577452824e-20
1.442662462649630648e-20
1.438781116126334267e-20
1.434910229197875256e-20
1.431049952784212446e-20
1.427200428910892243e-20
1.423361791071527302e-20
1.419534164577202049e-20
