1.054626058703260870e-19
1.044893026987901318e-19
1.033437600882890962e-19
1.020278097617594404e-19
1.005579574495521869e-19
9.896848197087709666e-20
9.728653840779774111e-20
9.553589811930386640e-20
9.373996778612550013e-20
9.192123631736553258e-20
9.009988829568508714e-20
8.829290140925426734e-20
8.651378484791895543e-20
8.477275772490885950e-20
8.307715225085117209e-20
8.143189383617450968e-20
7.983997390487565919e-20
7.830287449373548209e-20
7.682092945575183819e-20
7.539362100876431071e-20
7.401981711112471013e-20
7.269795780494791263e-20
7.142619914876164382e-20
7.020252277853067453e-20
6.902481811232336905e-20
6.789094308132745064e-20
6.679876819280059367e-20
6.574620777969006132e-20
6.473124148805692065e-20
6.375192839291121571e-20
6.280641560043923652e-20
6.189294277083584205e-20
6.100984366218191583e-20
6.015554553489911222e-20
5.932856705358459893e-20
5.852751516628026507e-20
5.775108132054833798e-20
5.699803728316412401e-20
5.626723075950552294e-20
5.555758095487970282e-20
5.486807417920745317e-20
5.419775956568197184e-20
5.354574495090875276e-20
5.291119294679219031e-20
5.229331722170129081e-20
5.169137899912358085e-20
5.110468377528747017e-20
5.053257825248402569e-20
4.997444748152290829e-20
4.942971220459198521e-20
4.889782638842984037e-20
4.837827493697767635e-20
4.787057157236930187e-20
4.737425687312814218e-20
4.688889645867735799e-20
4.641407930965160602e-20
4.594941621398208805e-20
4.549453832927172944e-20
4.504909585255072634e-20
4.461275678908173692e-20
4.418520581246754332e-20
4.376614320887019499e-20
4.335528389869438274e-20
4.295235652959443845e-20
4.255710263515327078e-20
4.216927585402712951e-20
4.178864120477335584e-20
4.141497441196928839e-20
4.104806127958927103e-20
4.068769710794027379e-20
4.033368615076309578e-20
3.998584110938702779e-20
3.964398266108374037e-20
3.930793901900323333e-20
3.897754552129057877e-20
3.865264424717976091e-20
3.833308365804464883e-20
3.801871826154850776e-20
3.770940829718994210e-20
3.740501944167669634e-20
3.710542253268921024e-20
3.681049330970911692e-20
3.652011217069356433e-20
3.623416394347576285e-20
3.595253767085595764e-20
3.567512640843237357e-20
3.540182703429323427e-20
3.513254006975909926e-20
3.486716951042780077e-20
3.460562266683055338e-20
3.434781001406022503e-20
3.409364504977973236e-20
3.384304416006465576e-20
3.359592649257280805e-20
3.335221383657023411e-20
3.311183050937956709e-20
3.287470324884500165e-20
3.264076111144007353e-20
3.240993537566813531e-20
