9.355944308523146028e-20
9.284524885945040485e-20
9.199517046453739975e-20
9.102841711026461982e-20
8.996317339930963252e-20
8.882398114830088521e-20
8.762861409798365695e-20
8.639183812479492878e-20
8.512796422143309256e-20
8.385074854634494552e-20
8.257258958055187197e-20
8.130396259730566179e-20
8.005323715913037739e-20
7.882676893885494328e-20
7.762913610295988603e-20
7.646342833272433553e-20
7.533153502027349825e-20
7.423440603969612029e-20
7.317227473744456616e-20
7.214484170952821423e-20
7.115142234332557465e-20
7.019106291411482993e-20
6.926263043390060858e-20
6.836488115800440964e-20
6.749651206233385742e-20
6.665619892651755009e-20
6.584262400359229818e-20
6.505449567396753914e-20
6.429056198571357160e-20
6.354961957408797343e-20
6.283051912219455191e-20
6.213216826068790322e-20
6.145353259607773670e-20
6.079363539408059383e-20
6.015155631755530748e-20
5.952642952034962566e-20
5.891744132270214269e-20
5.832382763576394125e-20
5.774487125840941228e-20
5.717989913568809959e-20
5.662827964264074084e-20
5.608941993784814018e-20
5.556276341656945696e-20
5.504778728249660585e-20
5.454400024915805993e-20
5.405094037615170071e-20
5.356817304116832019e-20
5.309528904578295829e-20
5.263190285093395135e-20
5.217765093664736242e-20
5.173219027972031142e-20
5.129519694260858365e-20
5.086636476657773590e-20
5.044540416218429221e-20
5.003204099030357909e-20
4.962601552716215904e-20
4.922708150713737740e-20
4.883500523742969560e-20
4.844956477906870414e-20
4.807054918908289689e-20
4.769775781902190285e-20
4.733099966537321920e-20
4.697009276775037877e-20
4.661486365104952639e-20
4.626514680807412870e-20
4.592078421940488815e-20
4.558162490755857658e-20
4.524752452271789821e-20
4.491834495754312341e-20
4.459395398877832518e-20
4.427422494355967133e-20
4.395903638850477158e-20
4.364827183982244867e-20
4.334181949283113460e-20
4.303957196940474971e-20
4.274142608198986679e-20
4.244728261295037659e-20
4.215704610809587512e-20
4.187062468334597638e-20
4.158792984356708026e-20
4.130887631269670881e-20
4.103338187434106761e-20
4.076136722209793954e-20
4.049275581891530747e-20
4.022747376485115431e-20
3.996544967265102793e-20
3.970661455060214857e-20
3.945090169216840867e-20
3.919824657194671413e-20
3.894858674752016191e-20
3.870186176681597681e-20
3.845801308060687895e-20
3.821698395981815195e-20
3.797871941733172141e-20
3.774316613399790290e-20
3.751027238858834282e-20
3.727998799144176743e-20
3.705226422157382390e-20
3.682705376703496600e-20
