4.054307740769414713e-22
4.061233560258533424e-22
4.069655467060187501e-22
4.077020938186190588e-22
4.082379846551252958e-22
4.085524786261260335e-22
4.086521087113668268e-22
4.085578903111774774e-22
4.082991040709363425e-22
4.079083401974599411e-22
4.074178903240651210e-22
4.068575441494640320e-22
4.062534893719224220e-22
4.056279478476452493e-22
4.049992518719422425e-22
4.043821561916647259e-22
4.037882558201345765e-22
4.032264319441112307e-22
4.027032823982397780e-22
4.022235146128897390e-22
4.017902918790561188e-22
4.014055312526892646e-22
4.010701554823637357e-22
4.007843033216643836e-22
4.005475033327090412e-22
4.003588163338792550e-22
4.002169513218781834e-22
4.001203592033192199e-22
4.000673081194761999e-22
4.000559436038674481e-22
4.000843363089681176e-22
4.001505195902830749e-22
4.002525188469772315e-22
4.003883741863682289e-22
4.005561576999765765e-22
4.007539864052810293e-22
4.009800317137455478e-22
4.012325261258643003e-22
4.015097677227056410e-22
4.018101229158351473e-22
4.021320278295404946e-22
4.024739886175401030e-22
4.028345809578600966e-22
4.032124489220111360e-22
4.036063033758972486e-22
4.040149200384760000e-22
4.044371372987011505e-22
4.048718538706063687e-22
4.053180263496511823e-22
4.057746667199029582e-22
4.062408398506895569e-22
4.067156610125250630e-22
4.071982934349971380e-22
4.076879459236101629e-22
4.081838705479643381e-22
4.086853604100402080e-22
4.091917474984101315e-22
4.097024006319190242e-22
4.102167234945642789e-22
4.107341527618878272e-22
4.112541563181056910e-22
4.117762315623734849e-22
4.122999038019635496e-22
4.128247247296690782e-22
4.133502709824410606e-22
4.138761427780530861e-22
4.144019626264391887e-22
4.149273741123285291e-22
4.154520407457440447e-22
4.159756448770109609e-22
4.164978866729469614e-22
4.170184831510102962e-22
4.175371672682794345e-22
4.180536870622495431e-22
4.185678048405563777e-22
4.190792964168625438e-22
4.195879503902699139e-22
4.200935674657464544e-22
4.205959598132011902e-22
4.210949504629294348e-22
4.215903727353194962e-22
4.220820697027902623e-22
4.225698936820565407e-22
4.230537057549420303e-22
4.235333753160355542e-22
4.240087796456082417e-22
4.244798035062917777e-22
4.249463387621133789e-22
4.254082840185591415e-22
4.258655442824263189e-22
4.263180306402956182e-22
4.267656599545236290e-22
4.272083545757268725e-22
4.276460420707884907e-22
4.280786549654806540e-22
4.285061305008423228e-22
4.289284104025226179e-22
4.293454406623232824e-22
4.297571713312466006e-22
