9.649849388601926823e-22
9.657884237776348040e-22
9.667078727880331742e-22
9.674615410938815880e-22
9.680988114685661028e-22
9.687502033837243162e-22
9.695167941991827965e-22
9.704602756815506474e-22
9.716131946659516686e-22
9.729886080441427939e-22
9.745869042515035348e-22
9.764004246468048985e-22
9.784165592157499379e-22
9.806197992991183234e-22
9.829930871626929757e-22
9.855186988935075282e-22
9.881788210044959278e-22
9.909559267760691526e-22
9.938330211628934558e-22
9.967937985223590070e-22
9.998227415918100341e-22
1.002905180100923585e-21
1.006027321084410118e-21
1.009176258981682661e-21
1.012339971089156746e-21
1.015507302310517617e-21
1.018667942086265166e-21
1.021812395664626919e-21
1.024931951373057632e-21
1.028018645185055215e-21
1.031065223603128025e-21
1.034065105666729796e-21
1.037012344725717314e-21
1.039901590483805403e-21
1.042728051705333441e-21
1.045487459887237251e-21
1.048176034122610955e-21
1.050790447320271718e-21
1.053327793893607052e-21
1.055785558990551622e-21
1.058161589302735963e-21
1.060454065464811416e-21
1.062661476033764162e-21
1.064782593020958938e-21
1.066816448937127288e-21
1.068762315300835200e-21
1.070619682554044363e-21
1.072388241323724300e-21
1.074067864965492120e-21
1.075658593323746538e-21
1.077160617642428817e-21
1.078574266560965666e-21
1.079899993131246724e-21
1.081138362793161634e-21
1.082290042248333866e-21
1.083355789174116134e-21
1.084336442722416943e-21
1.085232914750687266e-21
1.086046181735061834e-21
1.086777277318428367e-21
1.087427285448894765e-21
1.087997334066788612e-21
1.088488589300881207e-21
1.088902250137033557e-21
1.089239543524841156e-21
1.089501719890111896e-21
1.089690049023174714e-21
1.089805816315088682e-21
1.089850319315723700e-21
1.089824864589501754e-21
1.089730764846310114e-21
1.089569336326706867e-21
1.089341896422004906e-21
1.089049761511256619e-21
1.088694244998452546e-21
1.088276655534462227e-21
1.087798295409397469e-21
1.087260459102123603e-21
1.086664431974610638e-21
1.086011489099783513e-21
1.085302894212308763e-21
1.084539898772573563e-21
1.083723741134882796e-21
1.082855645811481096e-21
1.081936822824737350e-21
1.080968467140315114e-21
1.079951758174800910e-21
1.078887859371618594e-21
1.077777917839660761e-21
1.076623064049405586e-21
1.075424411581700707e-21
1.074183056924789955e-21
1.072900079315451032e-21
1.071576540620487807e-21
1.070213485255021805e-21
1.068811940134390220e-21
1.067372914656646663e-21
1.065897400712899491e-21
1.064386372722936249e-21
