1.556892136889241224e-21
1.563564858857617857e-21
1.570921407217022504e-21
1.576023407447018494e-21
1.578291629736195932e-21
1.578091668606281536e-21
1.575967462481479239e-21
1.572455219930978198e-21
1.568036220814645858e-21
1.563118370123516380e-21
1.558031227828869989e-21
1.553030104730691645e-21
1.548305043601176407e-21
1.543991479979523437e-21
1.540180690123454125e-21
1.536929126790096445e-21
1.534266337082437463e-21
1.532201464135069432e-21
1.530728472407193527e-21
1.529830283437841435e-21
1.529482011102961153e-21
1.529653467756297115e-21
1.530311088097473855e-21
1.531419392510174946e-21
1.532942088745807616e-21
1.534842891182356720e-21
1.537086120573455087e-21
1.539637133936644462e-21
1.542462623588469564e-21
1.545530815875187823e-21
1.548811593463408583e-21
1.552276559794841470e-21
1.555899060180217714e-21
1.559654170772369405e-21
1.563518664126610486e-21
1.567470958076588407e-21
1.571491053106321296e-21
1.575560462190445804e-21
1.579662136131049599e-21
1.583780386683364757e-21
1.587900809189035851e-21
1.592010205989365406e-21
1.596096511544330861e-21
1.600148719914720214e-21
1.604156815057450211e-21
1.608111704225012089e-21
1.612005154638202280e-21
1.615829733509194444e-21
1.619578751422783328e-21
1.623246209032368284e-21
1.626826746990104293e-21
1.630315599004216473e-21
1.633708547898643776e-21
1.637001884538703601e-21
1.640192369479982608e-21
1.643277197195019876e-21
1.646253962732447855e-21
1.649120630665476648e-21
1.651875506190373643e-21
1.654517208240408322e-21
1.657044644486279877e-21
1.659456988100008471e-21
1.661753656165565433e-21
1.663934289625852384e-21
1.665998734661909825e-21
1.667947025406528475e-21
1.669779367900371501e-21
1.671496125204634409e-21
1.673097803589747955e-21
1.674585039725008103e-21
1.675958588798982150e-21
1.677219313505343896e-21
1.678368173833243845e-21
1.679406217605492429e-21
1.680334571711851602e-21
1.681154433988303075e-21
1.681867065696738199e-21
1.682473784562601972e-21
1.682975958331109861e-21
1.683374998805381761e-21
1.683672356332493466e-21
1.683869514705797210e-21
1.683967986454145737e-21
1.683969308490734135e-21
1.683875038096189627e-21
1.683686749212358445e-21
1.683406029024884770e-21
1.683034474814259029e-21
1.682573691056406544e-21
1.682025286755248789e-21
1.681390872990915389e-21
1.680672060668395208e-21
1.679870458452514772e-21
1.678987670876120222e-21
1.678025296609215682e-21
1.676984926877747683e-21
1.675868144021390208e-21
1.674676520180568471e-21
1.673411616103508195e-21
