1.072949573233788451e-19
9.193223974873786930e-20
7.585216856417745618e-20
6.463876705349198257e-20
5.670042563226021125e-20
5.073017784148262253e-20
4.601755726552030141e-20
4.216603760381585989e-20
3.893777398574196832e-20
3.618016146711298311e-20
3.378972024112770529e-20
3.169310993318416752e-20
2.983647528198425354e-20
2.817911426120929234e-20
2.668952667832090526e-20
2.534284429069880916e-20
2.411909994456687892e-20
2.300202674611758542e-20
2.197820370048938900e-20
2.103643457837988177e-20
2.016728775813903297e-20
1.936274956237639467e-20
1.861595909538217800e-20
1.792100257131501404e-20
1.727275172757002534e-20
1.666673537710097571e-20
1.609903621176701965e-20
1.556620709214659369e-20
1.506520254991871683e-20
1.459332228780132915e-20
1.414816422470523827e-20
1.372758519206870939e-20
1.332966780340994711e-20
1.295269233480700065e-20
1.259511269738208766e-20
1.225553577286579451e-20
1.193270353287622835e-20
1.162547748073168456e-20
1.133282504800102990e-20
1.105380765156294870e-20
1.078757017460978990e-20
1.053333167996339467e-20
1.029037719888036032e-20
1.005805046537336775e-20
9.835747486747279706e-21
9.622910856996738565e-21
9.419024732106315576e-21
9.223610396056051915e-21
9.036222354177913356e-21
8.856444896969781187e-21
8.683889082949533891e-21
8.518190093905033490e-21
8.359004920163009625e-21
8.206010337390987791e-21
8.058901140043930971e-21
7.917388599921883240e-21
7.781199121441927876e-21
7.650073068162238202e-21
7.523763737831800946e-21
7.402036465779308302e-21
7.284667838798430200e-21
7.171445003836508111e-21
7.062165057752201908e-21
6.956634506180184050e-21
6.854668781134552970e-21
6.756091808406196937e-21
6.660735617073203374e-21
6.568439984558398648e-21
6.479052111646860218e-21
6.392426322729896396e-21
6.308423787283348660e-21
6.226912259228358886e-21
6.147765831373114449e-21
6.070864702605364502e-21
5.996094955906729074e-21
5.923348345600679937e-21
5.852522092533855724e-21
5.783518686132800251e-21
5.716245692481466298e-21
5.650615567734650480e-21
5.586545476323703054e-21
5.523957113528081674e-21
5.462776532082804192e-21
5.402933972571219706e-21
5.344363697417368270e-21
5.287003828344690991e-21
5.230796187210335609e-21
5.175686140158082358e-21
5.121622445059564253e-21
5.068557102234310133e-21
5.016445208454787721e-21
4.965244814254261574e-21
4.914916784563602877e-21
4.865424662708306827e-21
4.816734537800170697e-21
4.768814915558825164e-21
4.721636592597925604e-21
4.675172534208666640e-21
4.629397755670350006e-21
4.584289207113716887e-21
