9.649849388601926823e-22
9.745869042515035348e-22
9.998227415918100341e-22
1.031065223603128025e-21
1.058161589302735963e-21
1.077160617642428629e-21
1.087427285448894765e-21
1.089730764846310114e-21
1.085302894212308763e-21
1.075424411581700519e-21
1.061261585299181264e-21
1.043815182871782199e-21
1.023917445639548800e-21
1.002247809921056121e-21
9.793543214748396101e-22
9.556751389537783276e-22
9.315579387725189593e-22
9.072765785735188811e-22
8.830450434035298278e-22
8.590289550762860572e-22
8.353549950216988395e-22
8.121185818351247067e-22
7.893901070793446162e-22
7.672199887510815839e-22
7.456427598420769134e-22
7.246803722852723419e-22
7.043448646355937310e-22
6.846405147174005260e-22
6.655655756688748232e-22
6.471136748465274236e-22
6.292749394744490290e-22
6.120369002998867754e-22
5.953852144192487232e-22
5.793042404464195448e-22
5.637774929122732794e-22
5.487879978542813602e-22
5.343185676721526242e-22
5.203520102384813771e-22
5.068712847645807242e-22
4.938596148813694481e-22
4.813005676936510390e-22
4.691781061257932709e-22
4.574766206436291909e-22
4.461809453746263588e-22
4.352763627304609235e-22
4.247485998450843882e-22
4.145838194633656636e-22
4.047686073391440704e-22
3.952899577169733495e-22
3.861352580694446116e-22
3.772922739326216892e-22
3.687491344169002597e-22
3.604943187609354403e-22
3.525166441340780127e-22
3.448052547704460080e-22
3.373496124284367480e-22
3.301394881070002408e-22
3.231649549088825690e-22
3.164163819166578130e-22
3.098844289357135308e-22
3.035600419561231139e-22
2.974344491898704365e-22
2.914991575489619516e-22
2.857459494419371834e-22
2.801668797798122992e-22
2.747542730966141158e-22
2.695007207036883139e-22
2.643990778103635483e-22
2.594424605560742663e-22
2.546242429104199804e-22
2.499380534078579703e-22
2.453777716927141736e-22
2.409375248580194193e-22
2.366116835683911746e-22
2.323948579628697556e-22
2.282818933383868852e-22
2.242678656184831407e-22
2.203480766151144162e-22
2.165180490939706013e-22
2.127735216557692087e-22
2.091104434475711313e-22
2.055249687193339637e-22
2.020134512417662531e-22
1.985724386021057686e-22
1.951986663947642121e-22
1.918890523238984855e-22
1.886406902349342563e-22
1.854508440918692348e-22
1.823169419168917488e-22
1.792365697084481095e-22
1.762074653534137458e-22
1.732275125484720321e-22
1.702947347452113244e-22
1.674072891327897854e-22
1.645634606713471464e-22
1.617616561886089064e-22
1.590003985514106637e-22
1.562783209230952722e-22
1.535941611169844907e-22
1.509467560553384609e-22
