9.793233783452394377e-22
9.889253437365504784e-22
1.014161181076857166e-21
1.045403663088174780e-21
1.072500028787783283e-21
1.091499057127475761e-21
1.101765724933941708e-21
1.104069204331357057e-21
1.099641333697355707e-21
1.089762851066747650e-21
1.075600024784228207e-21
1.058153622356829143e-21
1.038255885124595932e-21
1.016586249406103252e-21
9.936927609598865536e-22
9.700135784388254592e-22
9.458963782575659028e-22
9.216150180585658246e-22
8.973834828885767714e-22
8.733673945613330008e-22
8.496934345067458771e-22
8.264570213201716502e-22
8.037285465643917478e-22
7.815584282361287155e-22
7.599811993271239510e-22
7.390188117703192854e-22
7.186833041206407686e-22
6.989789542024474695e-22
6.799040151539218608e-22
6.614521143315743672e-22
6.436133789594959726e-22
6.263753397849338130e-22
6.097236539042957608e-22
5.936426799314664883e-22
5.781159323973203170e-22
5.631264373393283038e-22
5.486570071571995678e-22
5.346904497235283206e-22
5.212097242496279499e-22
5.081980543664163916e-22
4.956390071786980766e-22
4.835165456108402145e-22
4.718150601286762285e-22
4.605193848596733964e-22
4.496148022155079611e-22
4.390870393301314258e-22
4.289222589484126542e-22
4.191070468241910610e-22
4.096283972020203400e-22
4.004736975544915552e-22
3.916307134176686797e-22
3.830875739019472973e-22
3.748327582459823838e-22
3.668550836191250503e-22
3.591436942554929986e-22
3.516880519134837385e-22
3.444779275920471843e-22
3.375033943939296065e-22
3.307548214017048036e-22
3.242228684207604744e-22
3.178984814411701045e-22
3.117728886749174741e-22
3.058375970340089422e-22
3.000843889269841269e-22
2.945053192648592898e-22
2.890927125816611063e-22
2.838391601887353044e-22
2.787375172954105389e-22
2.737809000411212569e-22
2.689626823954669709e-22
2.642764928929050549e-22
2.597162111777611172e-22
2.552759643430664098e-22
2.509501230534381651e-22
2.467332974479167462e-22
2.426203328234338757e-22
2.386063051035301312e-22
2.346865161001614067e-22
2.308564885790175919e-22
2.271119611408161993e-22
2.234488829326181454e-22
2.198634082043809542e-22
2.163518907268132201e-22
2.129108780871527591e-22
2.095371058798112027e-22
2.062274918089454761e-22
2.029791297199812469e-22
1.997892835769162254e-22
1.966553814019387394e-22
1.935750091934951001e-22
1.905459048384607364e-22
1.875659520335190227e-22
1.846331742302583150e-22
1.817457286178367760e-22
1.789019001563941370e-22
1.761000956736558969e-22
1.733388380364576542e-22
1.706167604081422627e-22
1.679326006020314812e-22
1.652851955403854515e-22
