1.054626058703260870e-19
9.009988829568508714e-20
7.401981711112471013e-20
6.280641560043923652e-20
5.486807417920745317e-20
4.889782638842985241e-20
4.418520581246754332e-20
4.033368615076309578e-20
3.710542253268921024e-20
3.434781001406022503e-20
3.195736878807494720e-20
2.986075848013140943e-20
2.800412382893149546e-20
2.634676280815652824e-20
2.485717522526815019e-20
2.351049283764604807e-20
2.228674849151412084e-20
2.116967529306482432e-20
2.014585224743663091e-20
1.920408312532712368e-20
1.833493630508627187e-20
1.753039810932363659e-20
1.678360764232941991e-20
1.608865111826227702e-20
1.544040027451725220e-20
1.483438392404821762e-20
1.426668475871425856e-20
1.373385563909383259e-20
1.323285109686595875e-20
1.276097083474856805e-20
1.231581277165247868e-20
1.189523373901594529e-20
1.149731635035718752e-20
1.112034088175424106e-20
1.076276124432932506e-20
1.042318431981303342e-20
1.010035207982346876e-20
9.793126027678926470e-21
9.500473594948268807e-21
9.221456198510190615e-21
8.955218721557031817e-21
8.700980226910635079e-21
8.458025745827599229e-21
8.225699012320606654e-21
8.003396033694518611e-21
7.790559403943975966e-21
7.586673279053554481e-21
7.391258943003290820e-21
7.203870901125152261e-21
7.024093443917020092e-21
6.851537629896775805e-21
6.685838640852268634e-21
6.526653467110248529e-21
6.373658884338227448e-21
6.226549686991170629e-21
6.085037146869122897e-21
5.948847668389169038e-21
5.817721615109477859e-21
5.691412284779039850e-21
5.569685012726548711e-21
5.452316385745671362e-21
5.339093550783748521e-21
5.229813604699441565e-21
5.124283053127425965e-21
5.022317328081794132e-21
4.923740355353438099e-21
4.828384164020443031e-21
4.736088531505638306e-21
4.646700658594100628e-21
4.560074869677136805e-21
4.476072334230589822e-21
4.394560806175600047e-21
4.315414378320354859e-21
4.238513249552605663e-21
4.163743502853967979e-21
4.090996892547921098e-21
4.020170639481097638e-21
3.951167233080038404e-21
3.883894239428706708e-21
3.818264114681892394e-21
3.754194023270941206e-21
3.691605660475323589e-21
3.630425079030045354e-21
3.570582519518457859e-21
3.512012244364607175e-21
3.454652375291927639e-21
3.398444734157576018e-21
3.343334687105321263e-21
3.289270992006803158e-21
3.236205649181550542e-21
3.184093755402027002e-21
3.132893361201500855e-21
3.082565331510842158e-21
3.033073209655547237e-21
2.984383084747412235e-21
2.936463462506065198e-21
2.889285139545166390e-21
2.842821081155907049e-21
2.797046302617589663e-21
2.751937754060956921e-21
